1.001358032226562500e-05 3.004074096679687500e-05 2.098083496093750000e-05 5.259990692138671875e-03 2.132931780815124512e+01 1.061987876892089844e-02 1.034402847290039062e-02 7.550716400146484375e-04 1.825094223022460938e-03 3.039836883544921875e-03
5.006790161132812500e-06 1.192092895507812500e-05 1.597404479980468750e-05 4.891157150268554688e-03 2.096737813949584961e+01 1.027512550354003906e-02 1.020812988281250000e-02 8.790493011474609375e-04 1.727104187011718750e-03 2.997159957885742188e-03
5.006790161132812500e-06 1.096725463867187500e-05 1.382827758789062500e-05 4.920005798339843750e-03 2.077420091629028320e+01 1.068305969238281250e-02 1.013708114624023438e-02 9.279251098632812500e-04 1.740217208862304688e-03 2.915859222412109375e-03
4.053115844726562500e-06 1.001358032226562500e-05 1.311302185058593750e-05 5.115985870361328125e-03 2.078392386436462402e+01 1.039385795593261719e-02 1.011681556701660156e-02 7.569789886474609375e-04 1.710176467895507812e-03 3.147125244140625000e-03
5.006790161132812500e-06 1.001358032226562500e-05 1.502037048339843750e-05 4.984855651855468750e-03 2.172524499893188477e+01 1.037907600402832031e-02 1.027107238769531250e-02 7.450580596923828125e-04 1.492977142333984375e-03 2.937078475952148438e-03
3.814697265625000000e-06 1.001358032226562500e-05 1.502037048339843750e-05 5.063056945800781250e-03 2.228557205200195312e+01 1.030611991882324219e-02 1.032304763793945312e-02 9.551048278808593750e-04 1.600980758666992188e-03 2.865076065063476562e-03
5.006790161132812500e-06 1.001358032226562500e-05 1.192092895507812500e-05 4.926204681396484375e-03 2.110180401802062988e+01 1.051497459411621094e-02 1.000404357910156250e-02 1.105070114135742188e-03 1.728057861328125000e-03 2.904891967773437500e-03
5.006790161132812500e-06 1.096725463867187500e-05 1.311302185058593750e-05 5.013942718505859375e-03 2.090098810195922852e+01 1.077818870544433594e-02 1.002788543701171875e-02 9.300708770751953125e-04 1.549005508422851562e-03 2.892017364501953125e-03
4.053115844726562500e-06 1.120567321777343750e-05 1.382827758789062500e-05 5.204200744628906250e-03 2.106476998329162598e+01 1.047992706298828125e-02 1.027584075927734375e-02 7.860660552978515625e-04 1.621007919311523438e-03 2.920150756835937500e-03
4.053115844726562500e-06 1.096725463867187500e-05 1.215934753417968750e-05 4.887104034423828125e-03 2.132634091377258301e+01 1.042580604553222656e-02 1.028895378112792969e-02 7.629394531250000000e-04 1.706838607788085938e-03 2.963781356811523438e-03
4.053115844726562500e-06 8.821487426757812500e-06 1.382827758789062500e-05 4.937887191772460938e-03 2.090420103073120117e+01 1.022291183471679688e-02 1.018714904785156250e-02 7.441043853759765625e-04 1.555204391479492188e-03 2.922058105468750000e-03
5.006790161132812500e-06 1.001358032226562500e-05 1.120567321777343750e-05 5.245923995971679688e-03 2.072557783126831055e+01 1.045799255371093750e-02 1.032280921936035156e-02 8.010864257812500000e-04 1.612901687622070312e-03 3.010034561157226562e-03
3.814697265625000000e-06 1.096725463867187500e-05 1.287460327148437500e-05 5.445957183837890625e-03 2.088227415084838867e+01 1.047205924987792969e-02 9.899854660034179688e-03 8.938312530517578125e-04 1.724958419799804688e-03 2.929925918579101562e-03
3.099441528320312500e-06 1.001358032226562500e-05 1.311302185058593750e-05 4.965066909790039062e-03 2.127733898162841797e+01 1.017308235168457031e-02 1.006698608398437500e-02 7.660388946533203125e-04 1.587152481079101562e-03 2.909898757934570312e-03
5.006790161132812500e-06 1.001358032226562500e-05 1.311302185058593750e-05 4.960060119628906250e-03 2.055265498161315918e+01 1.040196418762207031e-02 1.017594337463378906e-02 7.739067077636718750e-04 1.562118530273437500e-03 2.806186676025390625e-03
4.053115844726562500e-06 1.001358032226562500e-05 1.502037048339843750e-05 5.011081695556640625e-03 2.049853396415710449e+01 1.026701927185058594e-02 1.011514663696289062e-02 7.910728454589843750e-04 1.563072204589843750e-03 2.858161926269531250e-03
5.006790161132812500e-06 1.096725463867187500e-05 1.311302185058593750e-05 4.964113235473632812e-03 2.056751394271850586e+01 1.022100448608398438e-02 1.040601730346679688e-02 7.681846618652343750e-04 1.564025878906250000e-03 2.922058105468750000e-03
5.006790161132812500e-06 9.059906005859375000e-06 1.406669616699218750e-05 5.092859268188476562e-03 2.104303622245788574e+01 2.361178398132324219e-02 2.185297012329101562e-02 1.435995101928710938e-03 4.578113555908203125e-03 7.923841476440429688e-03
5.006790161132812500e-06 1.096725463867187500e-05 1.502037048339843750e-05 7.129907608032226562e-03 2.081038498878479004e+01 1.043891906738281250e-02 9.975194931030273438e-03 7.491111755371093750e-04 1.775026321411132812e-03 2.839088439941406250e-03
4.053115844726562500e-06 1.001358032226562500e-05 1.311302185058593750e-05 4.924058914184570312e-03 2.095097494125366211e+01 1.057887077331542969e-02 1.009488105773925781e-02 7.638931274414062500e-04 1.613855361938476562e-03 2.849102020263671875e-03
3.814697265625000000e-06 1.001358032226562500e-05 1.287460327148437500e-05 5.097866058349609375e-03 2.116578197479248047e+01 1.069808006286621094e-02 1.062417030334472656e-02 1.060962677001953125e-03 2.152919769287109375e-03 3.033876419067382812e-03
5.960464477539062500e-06 1.192092895507812500e-05 1.382827758789062500e-05 5.430221557617187500e-03 2.137812018394470215e+01 1.064014434814453125e-02 1.047801971435546875e-02 7.970333099365234375e-04 1.727104187011718750e-03 3.381967544555664062e-03
5.960464477539062500e-06 1.120567321777343750e-05 1.382827758789062500e-05 5.394935607910156250e-03 2.347476911544799805e+01 1.038503646850585938e-02 1.086592674255371094e-02 7.600784301757812500e-04 1.613140106201171875e-03 3.180027008056640625e-03
5.006790161132812500e-06 1.096725463867187500e-05 1.382827758789062500e-05 5.391120910644531250e-03 2.266152405738830566e+01 1.043295860290527344e-02 1.216602325439453125e-02 8.058547973632812500e-04 1.673936843872070312e-03 3.057956695556640625e-03
5.006790161132812500e-06 9.775161743164062500e-06 1.692771911621093750e-05 4.923105239868164062e-03 2.140592098236083984e+01 1.029491424560546875e-02 1.018023490905761719e-02 7.450580596923828125e-04 1.601219177246093750e-03 2.948999404907226562e-03
5.006790161132812500e-06 1.096725463867187500e-05 1.311302185058593750e-05 5.209922790527343750e-03 2.204540109634399414e+01 1.072692871093750000e-02 1.060700416564941406e-02 8.790493011474609375e-04 1.616001129150390625e-03 2.976894378662109375e-03
5.006790161132812500e-06 1.001358032226562500e-05 1.287460327148437500e-05 7.011175155639648438e-03 2.371458911895751953e+01 1.094508171081542969e-02 1.156306266784667969e-02 8.518695831298828125e-04 1.833915710449218750e-03 3.185987472534179688e-03
4.053115844726562500e-06 1.192092895507812500e-05 1.502037048339843750e-05 5.337953567504882812e-03 2.224780178070068359e+01 1.180005073547363281e-02 1.093506813049316406e-02 7.569789886474609375e-04 1.698017120361328125e-03 3.072023391723632812e-03
5.006790161132812500e-06 1.001358032226562500e-05 1.692771911621093750e-05 5.167007446289062500e-03 2.178383207321166992e+01 1.054501533508300781e-02 1.011896133422851562e-02 9.160041809082031250e-04 1.533985137939453125e-03 3.067970275878906250e-03
5.006790161132812500e-06 1.096725463867187500e-05 1.382827758789062500e-05 4.965066909790039062e-03 2.195329809188842773e+01 1.113581657409667969e-02 1.156497001647949219e-02 8.370876312255859375e-04 1.688003540039062500e-03 4.467010498046875000e-03
5.960464477539062500e-06 1.311302185058593750e-05 1.502037048339843750e-05 5.603075027465820312e-03 2.377787709236145020e+01 1.087903976440429688e-02 1.034402847290039062e-02 8.270740509033203125e-04 1.655101776123046875e-03 3.049135208129882812e-03
3.814697265625000000e-06 1.096725463867187500e-05 1.406669616699218750e-05 5.136966705322265625e-03 2.202037310600280762e+01 1.036691665649414062e-02 1.072692871093750000e-02 7.469654083251953125e-04 1.554012298583984375e-03 3.094911575317382812e-03
5.006790161132812500e-06 1.096725463867187500e-05 1.502037048339843750e-05 5.244970321655273438e-03 2.197406101226806641e+01 1.603507995605468750e-02 1.073312759399414062e-02 9.901523590087890625e-04 1.874923706054687500e-03 3.456830978393554688e-03
5.006790161132812500e-06 1.096725463867187500e-05 1.788139343261718750e-05 5.462884902954101562e-03 2.230884408950805664e+01 1.143980026245117188e-02 1.104712486267089844e-02 9.081363677978515625e-04 2.031087875366210938e-03 3.086090087890625000e-03
5.006790161132812500e-06 1.096725463867187500e-05 1.311302185058593750e-05 5.255937576293945312e-03 2.254028201103210449e+01 1.074409484863281250e-02 1.021599769592285156e-02 7.700920104980468750e-04 1.651048660278320312e-03 3.041982650756835938e-03
5.006790161132812500e-06 1.096725463867187500e-05 1.215934753417968750e-05 5.177021026611328125e-03 2.213420104980468750e+01 1.349496841430664062e-02 1.224803924560546875e-02 9.300708770751953125e-04 1.693010330200195312e-03 2.999067306518554688e-03
5.006790161132812500e-06 1.001358032226562500e-05 1.192092895507812500e-05 5.123853683471679688e-03 2.265236401557922363e+01 1.051211357116699219e-02 1.125693321228027344e-02 1.072883605957031250e-03 1.981019973754882812e-03 3.813982009887695312e-03
5.960464477539062500e-06 1.192092895507812500e-05 1.811981201171875000e-05 5.034923553466796875e-03 2.349810314178466797e+01 1.331210136413574219e-02 1.540112495422363281e-02 1.090049743652343750e-03 2.858877182006835938e-03 5.791902542114257812e-03
8.106231689453125000e-06 1.907348632812500000e-05 2.193450927734375000e-05 9.767055511474609375e-03 2.593208098411560059e+01 1.152300834655761719e-02 1.150298118591308594e-02 9.689331054687500000e-04 1.873016357421875000e-03 4.111051559448242188e-03
5.006790161132812500e-06 1.215934753417968750e-05 1.502037048339843750e-05 5.713939666748046875e-03 2.479146099090576172e+01 1.086401939392089844e-02 1.099300384521484375e-02 8.280277252197265625e-04 1.721143722534179688e-03 3.078222274780273438e-03
5.006790161132812500e-06 1.001358032226562500e-05 1.382827758789062500e-05 5.532026290893554688e-03 2.512560391426086426e+01 1.050281524658203125e-02 1.070499420166015625e-02 8.790493011474609375e-04 1.694202423095703125e-03 3.072977066040039062e-03
4.053115844726562500e-06 1.096725463867187500e-05 1.597404479980468750e-05 5.537986755371093750e-03 2.366093516349792480e+01 1.045203208923339844e-02 1.020216941833496094e-02 9.679794311523437500e-04 1.677989959716796875e-03 3.234863281250000000e-03
3.814697265625000000e-06 1.096725463867187500e-05 1.406669616699218750e-05 5.235910415649414062e-03 2.352102494239807129e+01 1.095414161682128906e-02 1.064014434814453125e-02 9.860992431640625000e-04 2.305984497070312500e-03 3.247022628784179688e-03
5.006790161132812500e-06 1.215934753417968750e-05 1.692771911621093750e-05 5.400180816650390625e-03 2.286399507522583008e+01 1.067900657653808594e-02 1.013803482055664062e-02 7.979869842529296875e-04 1.633882522583007812e-03 3.071069717407226562e-03
5.006790161132812500e-06 1.001358032226562500e-05 1.406669616699218750e-05 6.690025329589843750e-03 2.221533513069152832e+01 1.041102409362792969e-02 1.030802726745605469e-02 8.640289306640625000e-04 1.688003540039062500e-03 3.029108047485351562e-03
4.053115844726562500e-06 1.001358032226562500e-05 1.287460327148437500e-05 4.915952682495117188e-03 2.313875102996826172e+01 1.047301292419433594e-02 1.045894622802734375e-02 7.832050323486328125e-04 1.682996749877929688e-03 3.057956695556640625e-03
5.006790161132812500e-06 1.096725463867187500e-05 1.502037048339843750e-05 5.522012710571289062e-03 2.145163393020629883e+01 1.039218902587890625e-02 1.006889343261718750e-02 8.020401000976562500e-04 1.577138900756835938e-03 3.084897994995117188e-03
5.006790161132812500e-06 1.096725463867187500e-05 1.406669616699218750e-05 4.936933517456054688e-03 2.099366998672485352e+01 1.028585433959960938e-02 1.032376289367675781e-02 8.699893951416015625e-04 1.589775085449218750e-03 3.005981445312500000e-03
4.053115844726562500e-06 1.001358032226562500e-05 1.192092895507812500e-05 4.930973052978515625e-03 2.087236690521240234e+01 1.023817062377929688e-02 1.021909713745117188e-02 7.939338684082031250e-04 1.581907272338867188e-03 2.946853637695312500e-03
4.053115844726562500e-06 9.775161743164062500e-06 1.287460327148437500e-05 5.115032196044921875e-03 2.163680195808410645e+01 1.059794425964355469e-02 1.019597053527832031e-02 7.760524749755859375e-04 1.555919647216796875e-03 2.997159957885742188e-03
4.053115844726562500e-06 1.096725463867187500e-05 1.478195190429687500e-05 4.976987838745117188e-03 2.097165989875793457e+01 1.050496101379394531e-02 1.045393943786621094e-02 7.500648498535156250e-04 1.640081405639648438e-03 3.040075302124023438e-03
3.814697265625000000e-06 1.001358032226562500e-05 1.287460327148437500e-05 5.004167556762695312e-03 2.115685796737670898e+01 1.063609123229980469e-02 1.030611991882324219e-02 7.879734039306640625e-04 1.554012298583984375e-03 2.912044525146484375e-03
5.006790161132812500e-06 1.096725463867187500e-05 1.287460327148437500e-05 5.067110061645507812e-03 2.089339494705200195e+01 1.024603843688964844e-02 1.023602485656738281e-02 9.138584136962890625e-04 1.576900482177734375e-03 2.941846847534179688e-03
4.053115844726562500e-06 1.096725463867187500e-05 1.311302185058593750e-05 4.992961883544921875e-03 2.082719182968139648e+01 1.078796386718750000e-02 1.018500328063964844e-02 8.318424224853515625e-04 1.605033874511718750e-03 2.866983413696289062e-03
5.006790161132812500e-06 9.059906005859375000e-06 1.287460327148437500e-05 5.378007888793945312e-03 2.174867701530456543e+01 1.055884361267089844e-02 1.041483879089355469e-02 8.740425109863281250e-04 1.774072647094726562e-03 3.070831298828125000e-03
5.006790161132812500e-06 1.096725463867187500e-05 1.716613769531250000e-05 5.106925964355468750e-03 2.099952983856201172e+01 1.040697097778320312e-02 9.980201721191406250e-03 8.139610290527343750e-04 2.056837081909179688e-03 2.867937088012695312e-03
5.006790161132812500e-06 1.001358032226562500e-05 1.192092895507812500e-05 4.981994628906250000e-03 2.100913000106811523e+01 1.044917106628417969e-02 9.979963302612304688e-03 9.069442749023437500e-04 1.654863357543945312e-03 2.934932708740234375e-03
5.960464477539062500e-06 1.192092895507812500e-05 1.406669616699218750e-05 5.148172378540039062e-03 2.100593304634094238e+01 1.061820983886718750e-02 1.139402389526367188e-02 8.180141448974609375e-04 1.780986785888671875e-03 2.949953079223632812e-03
5.006790161132812500e-06 1.001358032226562500e-05 1.311302185058593750e-05 4.961013793945312500e-03 2.190821409225463867e+01 1.129698753356933594e-02 1.166296005249023438e-02 9.710788726806640625e-04 1.600027084350585938e-03 3.152847290039062500e-03
4.053115844726562500e-06 1.096725463867187500e-05 1.478195190429687500e-05 5.121946334838867188e-03 2.143733000755310059e+01 1.030611991882324219e-02 1.076197624206542969e-02 8.709430694580078125e-04 1.563072204589843750e-03 2.979040145874023438e-03
5.006790161132812500e-06 1.001358032226562500e-05 1.597404479980468750e-05 4.943132400512695312e-03 2.131506299972534180e+01 1.065087318420410156e-02 1.023101806640625000e-02 8.399486541748046875e-04 1.945972442626953125e-03 3.085851669311523438e-03
5.006790161132812500e-06 1.096725463867187500e-05 1.406669616699218750e-05 4.971027374267578125e-03 2.114534616470336914e+01 1.048111915588378906e-02 1.112794876098632812e-02 1.306056976318359375e-03 3.679990768432617188e-03 9.063005447387695312e-03
1.692771911621093750e-05 2.789497375488281250e-05 2.908706665039062500e-05 5.995988845825195312e-03 2.131511497497558594e+01 1.032304763793945312e-02 1.578402519226074219e-02 1.070022583007812500e-03 1.547813415527343750e-03 3.087997436523437500e-03
5.006790161132812500e-06 1.001358032226562500e-05 1.502037048339843750e-05 4.982948303222656250e-03 2.158487415313720703e+01 1.060414314270019531e-02 1.124811172485351562e-02 8.451938629150390625e-04 1.713991165161132812e-03 3.026962280273437500e-03
5.006790161132812500e-06 1.096725463867187500e-05 1.502037048339843750e-05 6.116867065429687500e-03 2.117288899421691895e+01 1.027417182922363281e-02 1.013493537902832031e-02 7.450580596923828125e-04 1.677989959716796875e-03 3.101825714111328125e-03
4.053115844726562500e-06 1.001358032226562500e-05 1.192092895507812500e-05 5.038022994995117188e-03 2.085179901123046875e+01 1.017284393310546875e-02 1.117992401123046875e-02 7.970333099365234375e-04 1.554965972900390625e-03 2.979993820190429688e-03
4.768371582031250000e-06 1.192092895507812500e-05 1.311302185058593750e-05 4.909038543701171875e-03 2.178438401222229004e+01 1.064395904541015625e-02 1.054501533508300781e-02 8.690357208251953125e-04 1.735925674438476562e-03 3.010988235473632812e-03
4.053115844726562500e-06 9.059906005859375000e-06 1.311302185058593750e-05 4.997968673706054688e-03 2.158081221580505371e+01 1.026105880737304688e-02 1.026606559753417969e-02 8.628368377685546875e-04 1.523017883300781250e-03 2.877950668334960938e-03
3.814697265625000000e-06 1.001358032226562500e-05 1.192092895507812500e-05 5.145072937011718750e-03 2.087480187416076660e+01 1.073193550109863281e-02 1.003980636596679688e-02 8.029937744140625000e-04 1.631975173950195312e-03 3.094911575317382812e-03
5.006790161132812500e-06 1.001358032226562500e-05 1.692771911621093750e-05 4.968881607055664062e-03 2.110976600646972656e+01 1.464390754699707031e-02 1.045489311218261719e-02 8.127689361572265625e-04 1.644849777221679688e-03 3.094911575317382812e-03
6.198883056640625000e-06 1.096725463867187500e-05 1.406669616699218750e-05 5.107879638671875000e-03 2.118220090866088867e+01 1.092600822448730469e-02 1.044797897338867188e-02 8.649826049804687500e-04 2.033233642578125000e-03 3.334045410156250000e-03
4.053115844726562500e-06 1.096725463867187500e-05 1.406669616699218750e-05 5.323171615600585938e-03 2.166657304763793945e+01 1.037812232971191406e-02 1.010799407958984375e-02 8.039474487304687500e-04 1.616001129150390625e-03 2.883911132812500000e-03
4.053115844726562500e-06 9.059906005859375000e-06 1.192092895507812500e-05 5.228996276855468750e-03 2.107330083847045898e+01 1.047086715698242188e-02 1.014184951782226562e-02 9.751319885253906250e-04 1.811981201171875000e-03 3.093957901000976562e-03
5.006790161132812500e-06 1.001358032226562500e-05 1.502037048339843750e-05 5.109071731567382812e-03 2.086880517005920410e+01 1.057505607604980469e-02 1.094079017639160156e-02 8.349418640136718750e-04 1.586914062500000000e-03 3.005981445312500000e-03
4.053115844726562500e-06 1.215934753417968750e-05 1.692771911621093750e-05 5.257129669189453125e-03 2.113116908073425293e+01 1.039004325866699219e-02 1.026701927185058594e-02 1.010179519653320312e-03 1.882076263427734375e-03 2.905130386352539062e-03
5.960464477539062500e-06 1.215934753417968750e-05 1.287460327148437500e-05 5.044221878051757812e-03 2.217647290229797363e+01 1.071500778198242188e-02 1.087999343872070312e-02 9.500980377197265625e-04 1.740932464599609375e-03 3.111839294433593750e-03
4.053115844726562500e-06 1.001358032226562500e-05 1.406669616699218750e-05 5.057096481323242188e-03 2.105872106552124023e+01 1.018500328063964844e-02 1.052784919738769531e-02 7.970333099365234375e-04 1.528978347778320312e-03 3.031015396118164062e-03
4.053115844726562500e-06 1.096725463867187500e-05 1.192092895507812500e-05 4.999160766601562500e-03 2.118877291679382324e+01 1.058602333068847656e-02 1.035594940185546875e-02 7.150173187255859375e-04 1.493930816650390625e-03 2.955913543701171875e-03
4.053115844726562500e-06 1.001358032226562500e-05 1.907348632812500000e-05 4.945993423461914062e-03 2.142083787918090820e+01 1.049685478210449219e-02 1.042699813842773438e-02 8.831024169921875000e-04 1.711130142211914062e-03 3.118038177490234375e-03
