1.788139343261718750e-05 2.694129943847656250e-05 2.002716064453125000e-05 5.079984664916992188e-03 2.038848304748535156e+01 1.217794418334960938e-02 1.300692558288574219e-02 1.317977905273437500e-03 2.846002578735351562e-03 5.150079727172851562e-03
4.053115844726562500e-06 1.096725463867187500e-05 1.692771911621093750e-05 5.494117736816406250e-03 2.267629408836364746e+01 9.995937347412109375e-03 9.867191314697265625e-03 7.929801940917968750e-04 1.501798629760742188e-03 3.021001815795898438e-03
5.006790161132812500e-06 1.096725463867187500e-05 1.192092895507812500e-05 4.772186279296875000e-03 2.049833703041076660e+01 1.039314270019531250e-02 1.015090942382812500e-02 8.668899536132812500e-04 1.577854156494140625e-03 2.933025360107421875e-03
5.006790161132812500e-06 1.001358032226562500e-05 1.382827758789062500e-05 4.904031753540039062e-03 2.054590892791748047e+01 9.990930557250976562e-03 9.961128234863281250e-03 8.270740509033203125e-04 1.543998718261718750e-03 2.933025360107421875e-03
5.006790161132812500e-06 1.001358032226562500e-05 1.406669616699218750e-05 4.879951477050781250e-03 2.012749004364013672e+01 1.014089584350585938e-02 1.003193855285644531e-02 9.589195251464843750e-04 1.969099044799804688e-03 3.027200698852539062e-03
4.053115844726562500e-06 1.001358032226562500e-05 1.287460327148437500e-05 4.951953887939453125e-03 2.080612993240356445e+01 1.277399063110351562e-02 1.004886627197265625e-02 8.599758148193359375e-04 1.734018325805664062e-03 2.950906753540039062e-03
4.053115844726562500e-06 1.001358032226562500e-05 1.406669616699218750e-05 4.822969436645507812e-03 2.012196016311645508e+01 9.894132614135742188e-03 9.719133377075195312e-03 7.820129394531250000e-04 1.548767089843750000e-03 2.892017364501953125e-03
5.006790161132812500e-06 1.001358032226562500e-05 1.120567321777343750e-05 4.812002182006835938e-03 1.976148080825805664e+01 9.897947311401367188e-03 9.657144546508789062e-03 8.311271667480468750e-04 1.763105392456054688e-03 2.876043319702148438e-03
5.006790161132812500e-06 1.001358032226562500e-05 1.192092895507812500e-05 4.881858825683593750e-03 1.973329091072082520e+01 9.876012802124023438e-03 9.737014770507812500e-03 8.130073547363281250e-04 1.664161682128906250e-03 3.103017807006835938e-03
3.814697265625000000e-06 1.001358032226562500e-05 1.192092895507812500e-05 4.853010177612304688e-03 2.034665584564208984e+01 9.970903396606445312e-03 9.831905364990234375e-03 8.912086486816406250e-04 1.640081405639648438e-03 2.845048904418945312e-03
5.006790161132812500e-06 1.001358032226562500e-05 1.192092895507812500e-05 4.774808883666992188e-03 1.975968384742736816e+01 1.003289222717285156e-02 9.927988052368164062e-03 8.070468902587890625e-04 1.665115356445312500e-03 2.846956253051757812e-03
5.006790161132812500e-06 9.059906005859375000e-06 1.406669616699218750e-05 4.850864410400390625e-03 1.974311494827270508e+01 9.933948516845703125e-03 9.734153747558593750e-03 7.600784301757812500e-04 1.579046249389648438e-03 2.990007400512695312e-03
5.006790161132812500e-06 1.001358032226562500e-05 1.215934753417968750e-05 4.947900772094726562e-03 1.981468987464904785e+01 9.947776794433593750e-03 9.628057479858398438e-03 7.870197296142578125e-04 1.585006713867187500e-03 2.888917922973632812e-03
5.006790161132812500e-06 1.001358032226562500e-05 1.192092895507812500e-05 4.779100418090820312e-03 1.971147203445434570e+01 9.975194931030273438e-03 9.702920913696289062e-03 7.328987121582031250e-04 1.612901687622070312e-03 2.890825271606445312e-03
4.053115844726562500e-06 1.811981201171875000e-05 1.192092895507812500e-05 4.779100418090820312e-03 2.021904897689819336e+01 1.020717620849609375e-02 9.732961654663085938e-03 8.058547973632812500e-04 1.499891281127929688e-03 2.945899963378906250e-03
4.053115844726562500e-06 9.059906005859375000e-06 1.215934753417968750e-05 4.818916320800781250e-03 1.974293112754821777e+01 9.937047958374023438e-03 9.743928909301757812e-03 7.908344268798828125e-04 1.545906066894531250e-03 2.835988998413085938e-03
4.053115844726562500e-06 9.059906005859375000e-06 1.406669616699218750e-05 4.925966262817382812e-03 1.987558794021606445e+01 1.016187667846679688e-02 1.069283485412597656e-02 9.248256683349609375e-04 1.852035522460937500e-03 2.959966659545898438e-03
1.597404479980468750e-05 1.192092895507812500e-05 1.287460327148437500e-05 5.069017410278320312e-03 1.979626202583312988e+01 1.048493385314941406e-02 1.007580757141113281e-02 8.740425109863281250e-04 1.540184020996093750e-03 2.909183502197265625e-03
5.006790161132812500e-06 1.001358032226562500e-05 1.287460327148437500e-05 4.903078079223632812e-03 2.085105395317077637e+01 9.970903396606445312e-03 9.690046310424804688e-03 8.080005645751953125e-04 1.817941665649414062e-03 2.866983413696289062e-03
4.053115844726562500e-06 1.001358032226562500e-05 1.287460327148437500e-05 4.856109619140625000e-03 1.983858895301818848e+01 1.005387306213378906e-02 9.709835052490234375e-03 7.870197296142578125e-04 1.685142517089843750e-03 2.876043319702148438e-03
4.053115844726562500e-06 1.001358032226562500e-05 1.502037048339843750e-05 4.807949066162109375e-03 2.019095110893249512e+01 1.003289222717285156e-02 9.970903396606445312e-03 8.678436279296875000e-04 1.642942428588867188e-03 2.923011779785156250e-03
5.006790161132812500e-06 9.059906005859375000e-06 1.406669616699218750e-05 4.662036895751953125e-03 2.011928582191467285e+01 1.007604598999023438e-02 1.028513908386230469e-02 8.590221405029296875e-04 1.704931259155273438e-03 2.933025360107421875e-03
5.960464477539062500e-06 1.001358032226562500e-05 1.287460327148437500e-05 4.939079284667968750e-03 2.007681512832641602e+01 1.006817817687988281e-02 9.772062301635742188e-03 8.280277252197265625e-04 1.883983612060546875e-03 3.057003021240234375e-03
5.006790161132812500e-06 1.001358032226562500e-05 1.287460327148437500e-05 4.853010177612304688e-03 2.037707495689392090e+01 1.036119461059570312e-02 9.849071502685546875e-03 8.890628814697265625e-04 2.068042755126953125e-03 3.173112869262695312e-03
5.006790161132812500e-06 1.001358032226562500e-05 1.406669616699218750e-05 4.960060119628906250e-03 1.995840692520141602e+01 9.933948516845703125e-03 9.813070297241210938e-03 8.268356323242187500e-04 1.585006713867187500e-03 2.834081649780273438e-03
5.006790161132812500e-06 9.775161743164062500e-06 1.096725463867187500e-05 4.899024963378906250e-03 2.008825206756591797e+01 1.019501686096191406e-02 9.783029556274414062e-03 8.089542388916015625e-04 1.533031463623046875e-03 3.021001815795898438e-03
5.006790161132812500e-06 1.001358032226562500e-05 1.502037048339843750e-05 4.863023757934570312e-03 2.007107496261596680e+01 1.011800765991210938e-02 9.890079498291015625e-03 9.868144989013671875e-04 1.779079437255859375e-03 2.919912338256835938e-03
5.006790161132812500e-06 1.096725463867187500e-05 1.382827758789062500e-05 4.874944686889648438e-03 2.042994284629821777e+01 9.957075119018554688e-03 9.815931320190429688e-03 7.259845733642578125e-04 1.687049865722656250e-03 2.815008163452148438e-03
4.053115844726562500e-06 1.001358032226562500e-05 1.215934753417968750e-05 4.911899566650390625e-03 2.037302398681640625e+01 1.012015342712402344e-02 9.697914123535156250e-03 7.350444793701171875e-04 1.534938812255859375e-03 2.995967864990234375e-03
4.053115844726562500e-06 9.059906005859375000e-06 1.287460327148437500e-05 4.778861999511718750e-03 2.051091980934143066e+01 1.000094413757324219e-02 9.747028350830078125e-03 7.848739624023437500e-04 1.608848571777343750e-03 2.996921539306640625e-03
5.006790161132812500e-06 1.001358032226562500e-05 1.287460327148437500e-05 4.977941513061523438e-03 2.043662595748901367e+01 9.991884231567382812e-03 9.902954101562500000e-03 7.867813110351562500e-04 1.556873321533203125e-03 2.913951873779296875e-03
4.053115844726562500e-06 1.001358032226562500e-05 1.502037048339843750e-05 4.853010177612304688e-03 2.043807911872863770e+01 1.052403450012207031e-02 1.013302803039550781e-02 9.260177612304687500e-04 2.003192901611328125e-03 2.980947494506835938e-03
5.006790161132812500e-06 1.120567321777343750e-05 1.287460327148437500e-05 5.057096481323242188e-03 2.059129285812377930e+01 1.018500328063964844e-02 9.919881820678710938e-03 9.310245513916015625e-04 1.482009887695312500e-03 2.979040145874023438e-03
5.006790161132812500e-06 1.001358032226562500e-05 1.311302185058593750e-05 5.007982254028320312e-03 2.020302414894104004e+01 1.052618026733398438e-02 9.798049926757812500e-03 8.089542388916015625e-04 1.708030700683593750e-03 2.939939498901367188e-03
5.006790161132812500e-06 1.001358032226562500e-05 1.192092895507812500e-05 4.750013351440429688e-03 2.014048910140991211e+01 9.931087493896484375e-03 9.701967239379882812e-03 7.870197296142578125e-04 1.608133316040039062e-03 2.968072891235351562e-03
5.006790161132812500e-06 1.001358032226562500e-05 1.287460327148437500e-05 4.737854003906250000e-03 2.009997606277465820e+01 9.991884231567382812e-03 9.827852249145507812e-03 9.088516235351562500e-04 1.899003982543945312e-03 2.988100051879882812e-03
4.053115844726562500e-06 8.821487426757812500e-06 1.597404479980468750e-05 4.784107208251953125e-03 2.298617291450500488e+01 1.075887680053710938e-02 1.044297218322753906e-02 1.008987426757812500e-03 2.081155776977539062e-03 3.073930740356445312e-03
5.006790161132812500e-06 1.192092895507812500e-05 1.406669616699218750e-05 5.031108856201171875e-03 2.012563395500183105e+01 1.005792617797851562e-02 1.007390022277832031e-02 7.519721984863281250e-04 1.547098159790039062e-03 2.915143966674804688e-03
5.006790161132812500e-06 1.096725463867187500e-05 1.192092895507812500e-05 5.003929138183593750e-03 2.009604501724243164e+01 9.966135025024414062e-03 9.853124618530273438e-03 7.359981536865234375e-04 1.758813858032226562e-03 3.098964691162109375e-03
4.053115844726562500e-06 1.001358032226562500e-05 3.099441528320312500e-05 4.959821701049804688e-03 2.047871398925781250e+01 1.091313362121582031e-02 1.444411277770996094e-02 9.741783142089843750e-04 1.832962036132812500e-03 3.152847290039062500e-03
4.053115844726562500e-06 1.001358032226562500e-05 1.597404479980468750e-05 5.099058151245117188e-03 2.144635009765625000e+01 1.087713241577148438e-02 1.011514663696289062e-02 9.739398956298828125e-04 1.603126525878906250e-03 2.942085266113281250e-03
5.006790161132812500e-06 1.096725463867187500e-05 3.600120544433593750e-05 5.005121231079101562e-03 1.995084309577941895e+01 9.939908981323242188e-03 9.761095046997070312e-03 7.770061492919921875e-04 1.821994781494140625e-03 3.155946731567382812e-03
6.198883056640625000e-06 1.096725463867187500e-05 1.406669616699218750e-05 4.936933517456054688e-03 2.039550805091857910e+01 1.658391952514648438e-02 1.657080650329589844e-02 9.191036224365234375e-04 2.469062805175781250e-03 5.563020706176757812e-03
7.152557373046875000e-06 1.692771911621093750e-05 2.312660217285156250e-05 8.126974105834960938e-03 2.011320996284484863e+01 1.030302047729492188e-02 9.999990463256835938e-03 7.770061492919921875e-04 1.556873321533203125e-03 2.876996994018554688e-03
5.006790161132812500e-06 1.001358032226562500e-05 1.287460327148437500e-05 5.017042160034179688e-03 2.021737718582153320e+01 1.006007194519042969e-02 1.001095771789550781e-02 8.978843688964843750e-04 1.842975616455078125e-03 2.998828887939453125e-03
5.006790161132812500e-06 1.001358032226562500e-05 1.597404479980468750e-05 4.983901977539062500e-03 2.054409408569335938e+01 1.099205017089843750e-02 9.965896606445312500e-03 9.188652038574218750e-04 1.753091812133789062e-03 2.998113632202148438e-03
5.006790161132812500e-06 1.096725463867187500e-05 1.502037048339843750e-05 4.987001419067382812e-03 1.982334184646606445e+01 9.958982467651367188e-03 9.788036346435546875e-03 8.869171142578125000e-04 1.671075820922851562e-03 2.846002578735351562e-03
5.960464477539062500e-06 9.059906005859375000e-06 1.192092895507812500e-05 4.837989807128906250e-03 1.993577408790588379e+01 1.041603088378906250e-02 1.001405715942382812e-02 9.279251098632812500e-04 1.823902130126953125e-03 3.067970275878906250e-03
5.006790161132812500e-06 1.096725463867187500e-05 1.406669616699218750e-05 4.837989807128906250e-03 1.979325199127197266e+01 9.888887405395507812e-03 9.643793106079101562e-03 8.139610290527343750e-04 1.561164855957031250e-03 2.846002578735351562e-03
3.814697265625000000e-06 9.775161743164062500e-06 1.215934753417968750e-05 4.776000976562500000e-03 2.045194005966186523e+01 1.037001609802246094e-02 9.887933731079101562e-03 8.180141448974609375e-04 1.610040664672851562e-03 3.030061721801757812e-03
5.006790161132812500e-06 1.001358032226562500e-05 1.597404479980468750e-05 4.840135574340820312e-03 1.971727609634399414e+01 9.891986846923828125e-03 9.670019149780273438e-03 7.851123809814453125e-04 1.605033874511718750e-03 2.799987792968750000e-03
4.053115844726562500e-06 1.001358032226562500e-05 1.311302185058593750e-05 4.814863204956054688e-03 1.974557089805603027e+01 9.949922561645507812e-03 9.697914123535156250e-03 7.591247558593750000e-04 1.524925231933593750e-03 2.956867218017578125e-03
5.006790161132812500e-06 9.059906005859375000e-06 1.192092895507812500e-05 4.956960678100585938e-03 1.975213193893432617e+01 1.002192497253417969e-02 9.742021560668945312e-03 7.581710815429687500e-04 1.713991165161132812e-03 2.931833267211914062e-03
4.053115844726562500e-06 1.001358032226562500e-05 1.311302185058593750e-05 4.786014556884765625e-03 1.975068902969360352e+01 1.003694534301757812e-02 9.663105010986328125e-03 7.941722869873046875e-04 1.560926437377929688e-03 3.026008605957031250e-03
5.006790161132812500e-06 9.059906005859375000e-06 1.311302185058593750e-05 4.894018173217773438e-03 2.224731302261352539e+01 1.030111312866210938e-02 9.834051132202148438e-03 8.521080017089843750e-04 1.811981201171875000e-03 2.972126007080078125e-03
3.814697265625000000e-06 1.120567321777343750e-05 1.502037048339843750e-05 4.779100418090820312e-03 1.977718782424926758e+01 9.912967681884765625e-03 9.728193283081054688e-03 7.729530334472656250e-04 1.544952392578125000e-03 3.043889999389648438e-03
5.006790161132812500e-06 1.192092895507812500e-05 1.311302185058593750e-05 4.806041717529296875e-03 1.975223112106323242e+01 9.979963302612304688e-03 9.564876556396484375e-03 7.860660552978515625e-04 1.652956008911132812e-03 2.846002578735351562e-03
4.053115844726562500e-06 1.001358032226562500e-05 1.192092895507812500e-05 4.697084426879882812e-03 1.976166009902954102e+01 1.009798049926757812e-02 9.925127029418945312e-03 7.951259613037109375e-04 1.693010330200195312e-03 2.938985824584960938e-03
5.006790161132812500e-06 9.059906005859375000e-06 1.311302185058593750e-05 4.719018936157226562e-03 2.146851587295532227e+01 1.014399528503417969e-02 9.996175765991210938e-03 8.020401000976562500e-04 1.985073089599609375e-03 3.136873245239257812e-03
4.053115844726562500e-06 1.001358032226562500e-05 1.406669616699218750e-05 4.915952682495117188e-03 2.099848985671997070e+01 9.902954101562500000e-03 9.902954101562500000e-03 8.141994476318359375e-04 1.539945602416992188e-03 3.117799758911132812e-03
5.006790161132812500e-06 9.059906005859375000e-06 1.502037048339843750e-05 4.796028137207031250e-03 1.972788500785827637e+01 1.027297973632812500e-02 9.844064712524414062e-03 7.970333099365234375e-04 1.564979553222656250e-03 3.024101257324218750e-03
6.198883056640625000e-06 1.096725463867187500e-05 1.311302185058593750e-05 4.796028137207031250e-03 1.973761200904846191e+01 9.826183319091796875e-03 9.586095809936523438e-03 7.989406585693359375e-04 1.530885696411132812e-03 2.847909927368164062e-03
5.006790161132812500e-06 1.001358032226562500e-05 1.215934753417968750e-05 4.920005798339843750e-03 2.036118912696838379e+01 1.170897483825683594e-02 1.162981986999511719e-02 1.367092132568359375e-03 1.935958862304687500e-03 3.175020217895507812e-03
5.006790161132812500e-06 1.096725463867187500e-05 1.502037048339843750e-05 5.066871643066406250e-03 2.358996701240539551e+01 1.057720184326171875e-02 1.042008399963378906e-02 8.251667022705078125e-04 1.672983169555664062e-03 3.022909164428710938e-03
4.053115844726562500e-06 1.001358032226562500e-05 1.502037048339843750e-05 4.895925521850585938e-03 2.024282693862915039e+01 1.013278961181640625e-02 9.611129760742187500e-03 8.771419525146484375e-04 1.827001571655273438e-03 2.868175506591796875e-03
4.053115844726562500e-06 1.001358032226562500e-05 1.406669616699218750e-05 4.783153533935546875e-03 1.997491788864135742e+01 9.807825088500976562e-03 9.593009948730468750e-03 7.550716400146484375e-04 1.565933227539062500e-03 2.910137176513671875e-03
5.006790161132812500e-06 1.096725463867187500e-05 1.311302185058593750e-05 4.694938659667968750e-03 1.948339796066284180e+01 9.757041931152343750e-03 9.527921676635742188e-03 7.948875427246093750e-04 1.540899276733398438e-03 2.812862396240234375e-03
5.006790161132812500e-06 1.001358032226562500e-05 1.192092895507812500e-05 4.722118377685546875e-03 2.018954610824584961e+01 1.654887199401855469e-02 9.934902191162109375e-03 1.266956329345703125e-03 2.937793731689453125e-03 6.097078323364257812e-03
8.106231689453125000e-06 1.597404479980468750e-05 2.193450927734375000e-05 7.235050201416015625e-03 2.036185097694396973e+01 9.619951248168945312e-03 9.510993957519531250e-03 8.549690246582031250e-04 1.559019088745117188e-03 2.806901931762695312e-03
5.006790161132812500e-06 1.001358032226562500e-05 1.502037048339843750e-05 4.699945449829101562e-03 1.960684108734130859e+01 9.758949279785156250e-03 9.589910507202148438e-03 8.151531219482421875e-04 1.778125762939453125e-03 3.139972686767578125e-03
5.006790161132812500e-06 1.192092895507812500e-05 1.907348632812500000e-05 5.010128021240234375e-03 1.982371902465820312e+01 1.006007194519042969e-02 9.718179702758789062e-03 7.410049438476562500e-04 1.699209213256835938e-03 2.898931503295898438e-03
5.006790161132812500e-06 1.001358032226562500e-05 1.311302185058593750e-05 4.789113998413085938e-03 1.981866598129272461e+01 9.873151779174804688e-03 9.702920913696289062e-03 7.591247558593750000e-04 1.491069793701171875e-03 2.905130386352539062e-03
5.006790161132812500e-06 9.059906005859375000e-06 1.192092895507812500e-05 4.800796508789062500e-03 2.008102703094482422e+01 9.845972061157226562e-03 9.680986404418945312e-03 8.459091186523437500e-04 1.764059066772460938e-03 2.947092056274414062e-03
5.006790161132812500e-06 1.001358032226562500e-05 1.287460327148437500e-05 4.817008972167968750e-03 1.950693488121032715e+01 9.838819503784179688e-03 9.527921676635742188e-03 7.448196411132812500e-04 1.541852951049804688e-03 2.839088439941406250e-03
4.053115844726562500e-06 1.001358032226562500e-05 1.287460327148437500e-05 4.745006561279296875e-03 1.974565601348876953e+01 9.751081466674804688e-03 9.665966033935546875e-03 7.958412170410156250e-04 1.487016677856445312e-03 2.947092056274414062e-03
3.814697265625000000e-06 8.821487426757812500e-06 1.192092895507812500e-05 4.602909088134765625e-03 1.947849082946777344e+01 9.718894958496093750e-03 9.534835815429687500e-03 7.910728454589843750e-04 1.523017883300781250e-03 2.837181091308593750e-03
5.006790161132812500e-06 9.059906005859375000e-06 1.192092895507812500e-05 4.748821258544921875e-03 1.947801995277404785e+01 9.698152542114257812e-03 9.676933288574218750e-03 8.471012115478515625e-04 1.571893692016601562e-03 2.782821655273437500e-03
5.006790161132812500e-06 1.001358032226562500e-05 1.215934753417968750e-05 4.754066467285156250e-03 2.021930384635925293e+01 9.893894195556640625e-03 9.920835494995117188e-03 1.057863235473632812e-03 1.596927642822265625e-03 2.880096435546875000e-03
5.006790161132812500e-06 9.059906005859375000e-06 1.215934753417968750e-05 5.037069320678710938e-03 2.076081490516662598e+01 9.918928146362304688e-03 9.654998779296875000e-03 7.679462432861328125e-04 1.518011093139648438e-03 3.199100494384765625e-03
