1.382827758789062500e-05 2.408027648925781250e-05 2.598762512207031250e-05 4.673004150390625000e-03 1.927690505981445312e+01 9.634971618652343750e-03 9.606122970581054688e-03 7.901191711425781250e-04 1.531124114990234375e-03 2.778053283691406250e-03
2.861022949218750000e-06 1.692771911621093750e-05 1.788139343261718750e-05 4.800081253051757812e-03 1.920410704612731934e+01 9.620904922485351562e-03 9.644985198974609375e-03 8.199214935302734375e-04 1.519918441772460938e-03 2.787113189697265625e-03
4.053115844726562500e-06 1.716613769531250000e-05 2.002716064453125000e-05 4.801988601684570312e-03 1.920751595497131348e+01 9.541988372802734375e-03 9.117841720581054688e-03 8.318424224853515625e-04 1.457929611206054688e-03 2.854824066162109375e-03
3.814697265625000000e-06 2.312660217285156250e-05 2.503395080566406250e-05 4.556894302368164062e-03 1.916629290580749512e+01 9.552955627441406250e-03 9.279966354370117188e-03 7.672309875488281250e-04 1.600027084350585938e-03 2.784967422485351562e-03
5.006790161132812500e-06 2.598762512207031250e-05 1.692771911621093750e-05 4.817008972167968750e-03 1.921731209754943848e+01 9.564876556396484375e-03 9.291887283325195312e-03 7.560253143310546875e-04 1.665830612182617188e-03 2.837896347045898438e-03
3.814697265625000000e-06 2.622604370117187500e-05 1.907348632812500000e-05 4.811048507690429688e-03 1.917237401008605957e+01 9.770154953002929688e-03 9.586095809936523438e-03 7.500648498535156250e-04 1.518964767456054688e-03 2.801895141601562500e-03
4.053115844726562500e-06 1.478195190429687500e-05 1.788139343261718750e-05 4.703998565673828125e-03 1.927350115776062012e+01 9.676933288574218750e-03 9.407043457031250000e-03 7.400512695312500000e-04 1.510143280029296875e-03 2.794027328491210938e-03
3.814697265625000000e-06 2.408027648925781250e-05 4.100799560546875000e-05 4.662036895751953125e-03 1.928494787216186523e+01 9.574890136718750000e-03 9.253978729248046875e-03 7.591247558593750000e-04 1.477956771850585938e-03 2.789974212646484375e-03
3.814697265625000000e-06 2.384185791015625000e-05 2.479553222656250000e-05 4.590034484863281250e-03 1.922101402282714844e+01 9.678125381469726562e-03 9.088039398193359375e-03 7.610321044921875000e-04 1.515865325927734375e-03 2.802848815917968750e-03
5.006790161132812500e-06 2.408027648925781250e-05 2.598762512207031250e-05 4.579067230224609375e-03 1.919761896133422852e+01 9.733915328979492188e-03 9.147882461547851562e-03 7.820129394531250000e-04 1.482009887695312500e-03 2.762079238891601562e-03
4.053115844726562500e-06 2.408027648925781250e-05 2.598762512207031250e-05 4.746913909912109375e-03 1.931558895111083984e+01 9.675979614257812500e-03 9.262084960937500000e-03 8.401870727539062500e-04 1.530885696411132812e-03 2.763986587524414062e-03
5.006790161132812500e-06 1.692771911621093750e-05 1.692771911621093750e-05 4.824876785278320312e-03 1.922084116935729980e+01 9.708881378173828125e-03 9.259939193725585938e-03 7.300376892089843750e-04 1.528024673461914062e-03 2.797842025756835938e-03
4.053115844726562500e-06 1.692771911621093750e-05 2.813339233398437500e-05 4.682064056396484375e-03 1.916399788856506348e+01 9.471893310546875000e-03 9.368896484375000000e-03 7.629394531250000000e-04 1.781940460205078125e-03 2.758979797363281250e-03
5.006790161132812500e-06 2.694129943847656250e-05 1.811981201171875000e-05 4.764080047607421875e-03 1.953991007804870605e+01 9.867906570434570312e-03 9.360074996948242188e-03 7.622241973876953125e-04 1.519918441772460938e-03 2.799987792968750000e-03
5.960464477539062500e-06 2.694129943847656250e-05 1.716613769531250000e-05 4.746913909912109375e-03 1.961759400367736816e+01 9.736061096191406250e-03 9.452104568481445312e-03 7.381439208984375000e-04 1.522064208984375000e-03 2.923011779785156250e-03
5.960464477539062500e-06 2.598762512207031250e-05 1.811981201171875000e-05 4.817008972167968750e-03 1.948719596862792969e+01 9.852170944213867188e-03 9.588956832885742188e-03 8.208751678466796875e-04 1.491069793701171875e-03 2.924919128417968750e-03
4.053115844726562500e-06 2.813339233398437500e-05 1.788139343261718750e-05 4.852056503295898438e-03 1.950551199913024902e+01 9.769916534423828125e-03 9.716987609863281250e-03 7.319450378417968750e-04 1.530885696411132812e-03 2.826929092407226562e-03
4.053115844726562500e-06 1.788139343261718750e-05 2.098083496093750000e-05 4.904031753540039062e-03 1.951533317565917969e+01 9.959936141967773438e-03 9.346008300781250000e-03 1.044034957885742188e-03 1.614809036254882812e-03 2.785921096801757812e-03
5.006790161132812500e-06 1.716613769531250000e-05 2.002716064453125000e-05 4.864931106567382812e-03 1.967786502838134766e+01 9.632110595703125000e-03 1.055598258972167969e-02 7.550716400146484375e-04 1.518011093139648438e-03 2.810001373291015625e-03
4.053115844726562500e-06 2.598762512207031250e-05 1.692771911621093750e-05 4.760026931762695312e-03 1.943860912322998047e+01 9.562969207763671875e-03 9.154081344604492188e-03 7.300376892089843750e-04 1.479148864746093750e-03 2.767086029052734375e-03
5.006790161132812500e-06 2.312660217285156250e-05 2.503395080566406250e-05 4.691839218139648438e-03 1.968360400199890137e+01 1.153182983398437500e-02 1.494598388671875000e-02 8.990764617919921875e-04 1.921176910400390625e-03 2.993106842041015625e-03
5.006790161132812500e-06 1.788139343261718750e-05 2.098083496093750000e-05 4.792928695678710938e-03 1.955559015274047852e+01 9.366989135742187500e-03 9.613037109375000000e-03 7.879734039306640625e-04 1.482009887695312500e-03 2.840995788574218750e-03
4.053115844726562500e-06 2.408027648925781250e-05 2.503395080566406250e-05 4.503011703491210938e-03 1.984112906455993652e+01 9.612083435058593750e-03 9.479999542236328125e-03 8.361339569091796875e-04 1.715183258056640625e-03 2.856016159057617188e-03
4.053115844726562500e-06 2.598762512207031250e-05 2.789497375488281250e-05 4.681825637817382812e-03 1.964503788948059082e+01 9.536027908325195312e-03 9.440183639526367188e-03 8.060932159423828125e-04 1.609086990356445312e-03 2.984046936035156250e-03
5.006790161132812500e-06 3.004074096679687500e-05 2.193450927734375000e-05 5.376815795898437500e-03 1.946935486793518066e+01 9.907007217407226562e-03 9.402036666870117188e-03 7.851123809814453125e-04 1.662969589233398438e-03 2.725839614868164062e-03
5.006790161132812500e-06 1.692771911621093750e-05 1.788139343261718750e-05 4.879951477050781250e-03 1.967711710929870605e+01 9.546995162963867188e-03 9.163856506347656250e-03 7.390975952148437500e-04 1.529932022094726562e-03 2.902030944824218750e-03
4.053115844726562500e-06 2.288818359375000000e-05 4.601478576660156250e-05 4.642009735107421875e-03 1.941794204711914062e+01 9.733200073242187500e-03 9.368896484375000000e-03 8.609294891357421875e-04 1.855850219726562500e-03 2.868890762329101562e-03
4.053115844726562500e-06 2.408027648925781250e-05 2.789497375488281250e-05 4.680156707763671875e-03 1.955814790725708008e+01 9.520053863525390625e-03 9.361982345581054688e-03 7.698535919189453125e-04 1.554965972900390625e-03 2.784967422485351562e-03
5.006790161132812500e-06 2.408027648925781250e-05 2.479553222656250000e-05 4.596948623657226562e-03 1.944464015960693359e+01 9.870052337646484375e-03 9.395122528076171875e-03 7.729530334472656250e-04 1.503944396972656250e-03 2.804040908813476562e-03
4.053115844726562500e-06 2.312660217285156250e-05 1.788139343261718750e-05 4.801034927368164062e-03 1.953361701965332031e+01 9.553909301757812500e-03 9.331941604614257812e-03 7.569789886474609375e-04 1.550912857055664062e-03 2.805948257446289062e-03
5.006790161132812500e-06 2.598762512207031250e-05 1.811981201171875000e-05 4.776954650878906250e-03 1.952509689331054688e+01 9.721040725708007812e-03 9.404897689819335938e-03 8.831024169921875000e-04 1.516103744506835938e-03 2.790927886962890625e-03
4.053115844726562500e-06 1.716613769531250000e-05 1.716613769531250000e-05 4.837989807128906250e-03 1.944725203514099121e+01 9.694099426269531250e-03 9.469985961914062500e-03 8.249282836914062500e-04 1.581192016601562500e-03 2.820014953613281250e-03
4.053115844726562500e-06 1.692771911621093750e-05 2.098083496093750000e-05 4.835844039916992188e-03 1.949455285072326660e+01 1.000690460205078125e-02 9.571075439453125000e-03 7.708072662353515625e-04 1.517772674560546875e-03 2.791881561279296875e-03
4.053115844726562500e-06 1.621246337890625000e-05 1.692771911621093750e-05 4.791021347045898438e-03 1.953538179397583008e+01 9.738922119140625000e-03 9.541034698486328125e-03 7.889270782470703125e-04 1.742839813232421875e-03 2.881050109863281250e-03
4.053115844726562500e-06 2.694129943847656250e-05 2.503395080566406250e-05 4.647016525268554688e-03 1.950887203216552734e+01 9.500026702880859375e-03 9.310960769653320312e-03 7.979869842529296875e-04 1.521825790405273438e-03 2.885103225708007812e-03
5.006790161132812500e-06 2.312660217285156250e-05 1.597404479980468750e-05 4.601955413818359375e-03 1.966070699691772461e+01 9.983062744140625000e-03 9.557962417602539062e-03 8.230209350585937500e-04 1.751184463500976562e-03 2.871990203857421875e-03
4.053115844726562500e-06 1.692771911621093750e-05 2.694129943847656250e-05 4.794120788574218750e-03 1.961180901527404785e+01 9.552001953125000000e-03 9.317159652709960938e-03 8.089542388916015625e-04 1.478910446166992188e-03 2.835988998413085938e-03
4.053115844726562500e-06 1.406669616699218750e-05 1.716613769531250000e-05 4.714965820312500000e-03 1.950083708763122559e+01 9.876012802124023438e-03 9.630918502807617188e-03 8.120536804199218750e-04 1.501798629760742188e-03 2.835035324096679688e-03
4.053115844726562500e-06 2.384185791015625000e-05 3.004074096679687500e-05 4.686832427978515625e-03 1.977317595481872559e+01 9.624958038330078125e-03 9.632825851440429688e-03 8.039474487304687500e-04 1.554965972900390625e-03 2.832889556884765625e-03
4.053115844726562500e-06 1.597404479980468750e-05 3.814697265625000000e-05 4.722118377685546875e-03 1.950671100616455078e+01 9.700059890747070312e-03 9.383916854858398438e-03 7.970333099365234375e-04 1.513004302978515625e-03 2.831935882568359375e-03
5.006790161132812500e-06 1.788139343261718750e-05 1.788139343261718750e-05 4.846096038818359375e-03 1.956714797019958496e+01 9.603977203369140625e-03 9.352922439575195312e-03 8.039474487304687500e-04 1.542806625366210938e-03 2.799987792968750000e-03
4.053115844726562500e-06 2.408027648925781250e-05 2.598762512207031250e-05 4.725933074951171875e-03 1.941014790534973145e+01 9.418010711669921875e-03 9.248971939086914062e-03 7.691383361816406250e-04 1.506090164184570312e-03 2.799987792968750000e-03
3.099441528320312500e-06 2.384185791015625000e-05 2.503395080566406250e-05 4.631996154785156250e-03 1.927474093437194824e+01 9.481906890869140625e-03 9.280204772949218750e-03 7.810592651367187500e-04 1.523971557617187500e-03 2.801895141601562500e-03
5.006790161132812500e-06 1.716613769531250000e-05 2.002716064453125000e-05 4.780054092407226562e-03 1.924018621444702148e+01 9.562969207763671875e-03 9.363174438476562500e-03 8.769035339355468750e-04 1.510858535766601562e-03 2.802848815917968750e-03
3.814697265625000000e-06 1.811981201171875000e-05 2.503395080566406250e-05 4.667043685913085938e-03 1.926438903808593750e+01 9.657859802246093750e-03 9.377956390380859375e-03 7.760524749755859375e-04 1.502037048339843750e-03 2.787828445434570312e-03
5.006790161132812500e-06 1.883506774902343750e-05 2.694129943847656250e-05 4.863977432250976562e-03 1.929670715332031250e+01 9.760141372680664062e-03 9.473085403442382812e-03 7.731914520263671875e-04 1.738071441650390625e-03 4.352092742919921875e-03
4.053115844726562500e-06 1.788139343261718750e-05 2.098083496093750000e-05 5.820989608764648438e-03 1.927796101570129395e+01 1.033306121826171875e-02 9.498119354248046875e-03 7.669925689697265625e-04 1.481056213378906250e-03 2.820014953613281250e-03
4.053115844726562500e-06 2.408027648925781250e-05 2.598762512207031250e-05 4.676818847656250000e-03 1.925234413146972656e+01 9.634017944335937500e-03 9.245872497558593750e-03 8.170604705810546875e-04 1.520872116088867188e-03 2.848863601684570312e-03
4.053115844726562500e-06 2.408027648925781250e-05 2.813339233398437500e-05 4.620790481567382812e-03 1.928619408607482910e+01 9.606122970581054688e-03 9.531021118164062500e-03 7.889270782470703125e-04 1.575946807861328125e-03 2.842903137207031250e-03
5.006790161132812500e-06 2.789497375488281250e-05 2.598762512207031250e-05 4.862070083618164062e-03 1.924042916297912598e+01 9.542942047119140625e-03 9.295940399169921875e-03 7.719993591308593750e-04 1.491785049438476562e-03 2.824068069458007812e-03
5.006790161132812500e-06 2.408027648925781250e-05 2.479553222656250000e-05 4.585027694702148438e-03 1.933311200141906738e+01 9.604930877685546875e-03 9.251117706298828125e-03 7.660388946533203125e-04 1.522064208984375000e-03 2.817869186401367188e-03
4.053115844726562500e-06 2.312660217285156250e-05 2.598762512207031250e-05 4.612922668457031250e-03 1.936836290359497070e+01 9.902954101562500000e-03 9.483098983764648438e-03 8.180141448974609375e-04 1.623153686523437500e-03 2.869129180908203125e-03
4.053115844726562500e-06 1.692771911621093750e-05 2.717971801757812500e-05 4.826068878173828125e-03 1.940574502944946289e+01 9.424209594726562500e-03 9.366035461425781250e-03 7.588863372802734375e-04 1.570940017700195312e-03 2.825021743774414062e-03
3.814697265625000000e-06 1.692771911621093750e-05 2.288818359375000000e-05 4.814863204956054688e-03 1.943884921073913574e+01 9.524106979370117188e-03 9.485960006713867188e-03 8.490085601806640625e-04 1.498937606811523438e-03 2.796888351440429688e-03
4.053115844726562500e-06 2.503395080566406250e-05 2.479553222656250000e-05 4.624843597412109375e-03 1.925751805305480957e+01 9.606122970581054688e-03 9.394884109497070312e-03 7.967948913574218750e-04 1.832008361816406250e-03 2.870082855224609375e-03
5.006790161132812500e-06 2.598762512207031250e-05 2.598762512207031250e-05 4.717111587524414062e-03 1.925121092796325684e+01 9.624004364013671875e-03 9.443044662475585938e-03 8.821487426757812500e-04 1.507997512817382812e-03 2.808094024658203125e-03
4.053115844726562500e-06 1.716613769531250000e-05 2.694129943847656250e-05 4.888057708740234375e-03 1.927071785926818848e+01 9.694814682006835938e-03 9.371042251586914062e-03 7.598400115966796875e-04 1.736879348754882812e-03 2.861022949218750000e-03
5.006790161132812500e-06 2.503395080566406250e-05 2.598762512207031250e-05 4.652023315429687500e-03 1.928474402427673340e+01 9.513139724731445312e-03 9.308099746704101562e-03 7.660388946533203125e-04 1.525163650512695312e-03 2.788066864013671875e-03
5.006790161132812500e-06 1.597404479980468750e-05 3.004074096679687500e-05 4.812955856323242188e-03 1.922479987144470215e+01 9.521961212158203125e-03 9.282112121582031250e-03 7.951259613037109375e-04 1.509904861450195312e-03 2.774000167846679688e-03
4.053115844726562500e-06 1.811981201171875000e-05 1.788139343261718750e-05 4.790782928466796875e-03 1.929902601242065430e+01 9.576082229614257812e-03 9.268999099731445312e-03 7.729530334472656250e-04 1.586914062500000000e-03 2.789974212646484375e-03
5.006790161132812500e-06 1.716613769531250000e-05 2.002716064453125000e-05 4.779100418090820312e-03 1.927179002761840820e+01 9.796142578125000000e-03 9.500026702880859375e-03 8.080005645751953125e-04 1.540899276733398438e-03 2.838134765625000000e-03
4.053115844726562500e-06 1.478195190429687500e-05 1.597404479980468750e-05 4.617929458618164062e-03 1.943186283111572266e+01 9.528875350952148438e-03 9.274005889892578125e-03 8.249282836914062500e-04 1.540899276733398438e-03 2.848148345947265625e-03
4.053115844726562500e-06 2.408027648925781250e-05 2.622604370117187500e-05 4.745960235595703125e-03 1.929178285598754883e+01 9.475946426391601562e-03 9.346961975097656250e-03 8.029937744140625000e-04 1.554012298583984375e-03 2.793073654174804688e-03
4.053115844726562500e-06 2.288818359375000000e-05 2.598762512207031250e-05 4.616022109985351562e-03 1.921483278274536133e+01 1.000094413757324219e-02 9.337902069091796875e-03 8.091926574707031250e-04 1.592159271240234375e-03 2.981901168823242188e-03
4.053115844726562500e-06 1.502037048339843750e-05 1.502037048339843750e-05 4.776000976562500000e-03 1.932394981384277344e+01 9.475946426391601562e-03 9.321928024291992188e-03 8.299350738525390625e-04 1.520156860351562500e-03 3.283977508544921875e-03
5.006790161132812500e-06 1.907348632812500000e-05 2.002716064453125000e-05 4.935026168823242188e-03 1.930772185325622559e+01 9.489059448242187500e-03 9.365081787109375000e-03 8.649826049804687500e-04 1.543045043945312500e-03 2.798795700073242188e-03
3.814697265625000000e-06 2.598762512207031250e-05 1.883506774902343750e-05 4.838943481445312500e-03 1.924227786064147949e+01 9.492874145507812500e-03 9.275913238525390625e-03 9.400844573974609375e-04 1.504182815551757812e-03 2.780914306640625000e-03
4.053115844726562500e-06 2.288818359375000000e-05 2.503395080566406250e-05 4.714012145996093750e-03 1.926633501052856445e+01 9.522914886474609375e-03 9.524106979370117188e-03 7.839202880859375000e-04 1.579046249389648438e-03 2.798080444335937500e-03
4.053115844726562500e-06 1.382827758789062500e-05 1.811981201171875000e-05 4.667997360229492188e-03 1.934597086906433105e+01 1.053905487060546875e-02 9.389877319335937500e-03 8.578300476074218750e-04 1.935958862304687500e-03 3.095865249633789062e-03
4.053115844726562500e-06 2.408027648925781250e-05 2.503395080566406250e-05 4.738807678222656250e-03 1.934917378425598145e+01 9.667873382568359375e-03 9.326934814453125000e-03 7.290840148925781250e-04 1.612901687622070312e-03 2.820014953613281250e-03
4.053115844726562500e-06 1.502037048339843750e-05 1.502037048339843750e-05 4.647016525268554688e-03 1.925848817825317383e+01 9.556055068969726562e-03 9.438037872314453125e-03 7.390975952148437500e-04 1.532077789306640625e-03 2.771139144897460938e-03
3.814697265625000000e-06 2.408027648925781250e-05 2.503395080566406250e-05 4.795074462890625000e-03 1.932012391090393066e+01 9.476184844970703125e-03 9.398937225341796875e-03 8.118152618408203125e-04 1.487970352172851562e-03 2.803087234497070312e-03
4.053115844726562500e-06 2.312660217285156250e-05 2.479553222656250000e-05 4.602909088134765625e-03 1.938198590278625488e+01 9.716987609863281250e-03 9.490966796875000000e-03 7.898807525634765625e-04 1.534938812255859375e-03 2.961158752441406250e-03
5.006790161132812500e-06 1.692771911621093750e-05 2.813339233398437500e-05 4.659175872802734375e-03 1.974817299842834473e+01 9.822130203247070312e-03 9.397983551025390625e-03 7.688999176025390625e-04 1.531839370727539062e-03 2.801895141601562500e-03
4.053115844726562500e-06 1.692771911621093750e-05 2.789497375488281250e-05 4.805088043212890625e-03 1.952332091331481934e+01 9.574890136718750000e-03 9.395837783813476562e-03 8.008480072021484375e-04 1.513957977294921875e-03 2.798795700073242188e-03
3.814697265625000000e-06 2.408027648925781250e-05 2.503395080566406250e-05 4.598855972290039062e-03 1.947746109962463379e+01 1.085591316223144531e-02 1.015877723693847656e-02 8.149147033691406250e-04 1.692056655883789062e-03 2.837896347045898438e-03
5.006790161132812500e-06 1.883506774902343750e-05 1.788139343261718750e-05 4.799127578735351562e-03 2.003071594238281250e+01 9.711027145385742188e-03 1.005816459655761719e-02 7.550716400146484375e-04 1.501083374023437500e-03 3.128051757812500000e-03
4.053115844726562500e-06 1.716613769531250000e-05 1.883506774902343750e-05 4.998922348022460938e-03 2.046720480918884277e+01 9.898900985717773438e-03 9.515047073364257812e-03 7.791519165039062500e-04 1.610040664672851562e-03 2.868175506591796875e-03
4.053115844726562500e-06 1.811981201171875000e-05 1.907348632812500000e-05 4.942893981933593750e-03 1.944334602355957031e+01 9.443044662475585938e-03 9.309053421020507812e-03 8.289813995361328125e-04 1.507043838500976562e-03 2.846956253051757812e-03
