1.406669616699218750e-05 3.409385681152343750e-05 2.908706665039062500e-05 9.648704528808593750e-02 2.009154605865478516e+01 1.004910469055175781e-02 9.607076644897460938e-03 9.191036224365234375e-04 1.777172088623046875e-03 2.825975418090820312e-03
4.053115844726562500e-06 1.001358032226562500e-05 1.192092895507812500e-05 4.889965057373046875e-03 2.020809316635131836e+01 1.077604293823242188e-02 9.459972381591796875e-03 8.890628814697265625e-04 1.655101776123046875e-03 2.986907958984375000e-03
4.053115844726562500e-06 1.001358032226562500e-05 1.478195190429687500e-05 4.807949066162109375e-03 1.999328207969665527e+01 1.001095771789550781e-02 9.531021118164062500e-03 9.770393371582031250e-04 1.887798309326171875e-03 3.050088882446289062e-03
3.814697265625000000e-06 1.001358032226562500e-05 1.287460327148437500e-05 4.671812057495117188e-03 2.216874408721923828e+01 9.798049926757812500e-03 9.614944458007812500e-03 1.028060913085937500e-03 1.893043518066406250e-03 2.796173095703125000e-03
4.053115844726562500e-06 9.059906005859375000e-06 1.502037048339843750e-05 4.904985427856445312e-03 2.032270503044128418e+01 1.017403602600097656e-02 1.089000701904296875e-02 1.050949096679687500e-03 1.905918121337890625e-03 2.889871597290039062e-03
5.006790161132812500e-06 1.096725463867187500e-05 1.215934753417968750e-05 5.120992660522460938e-03 1.988370490074157715e+01 9.889841079711914062e-03 9.553909301757812500e-03 9.679794311523437500e-04 1.890897750854492188e-03 2.830982208251953125e-03
5.006790161132812500e-06 1.001358032226562500e-05 1.192092895507812500e-05 4.677057266235351562e-03 2.071620583534240723e+01 9.958028793334960938e-03 9.788990020751953125e-03 1.096963882446289062e-03 2.067089080810546875e-03 2.883911132812500000e-03
5.006790161132812500e-06 1.120567321777343750e-05 1.692771911621093750e-05 4.729986190795898438e-03 2.087308812141418457e+01 9.752988815307617188e-03 9.526968002319335938e-03 1.048088073730468750e-03 1.999855041503906250e-03 3.019809722900390625e-03
4.053115844726562500e-06 9.059906005859375000e-06 1.406669616699218750e-05 4.703044891357421875e-03 2.007894086837768555e+01 9.879827499389648438e-03 9.604930877685546875e-03 1.098155975341796875e-03 1.634120941162109375e-03 2.810001373291015625e-03
5.006790161132812500e-06 1.001358032226562500e-05 1.287460327148437500e-05 4.678010940551757812e-03 2.063894510269165039e+01 1.117587089538574219e-02 1.050281524658203125e-02 1.366138458251953125e-03 2.196073532104492188e-03 3.065824508666992188e-03
5.006790161132812500e-06 1.096725463867187500e-05 1.406669616699218750e-05 5.099058151245117188e-03 2.022270989418029785e+01 9.995937347412109375e-03 9.446144104003906250e-03 1.184940338134765625e-03 2.292871475219726562e-03 2.864837646484375000e-03
4.053115844726562500e-06 9.059906005859375000e-06 1.192092895507812500e-05 4.729986190795898438e-03 2.045745682716369629e+01 1.008605957031250000e-02 9.950876235961914062e-03 1.235961914062500000e-03 2.185106277465820312e-03 2.882957458496093750e-03
5.006790161132812500e-06 8.821487426757812500e-06 1.287460327148437500e-05 4.731178283691406250e-03 2.061908888816833496e+01 1.015591621398925781e-02 1.050090789794921875e-02 8.840560913085937500e-04 1.839876174926757812e-03 3.007888793945312500e-03
3.814697265625000000e-06 1.001358032226562500e-05 1.597404479980468750e-05 4.636049270629882812e-03 2.036284279823303223e+01 9.964942932128906250e-03 9.535789489746093750e-03 9.629726409912109375e-04 1.938819885253906250e-03 2.842903137207031250e-03
5.006790161132812500e-06 1.096725463867187500e-05 1.192092895507812500e-05 4.711151123046875000e-03 2.131074190139770508e+01 1.104307174682617188e-02 1.195001602172851562e-02 1.287937164306640625e-03 2.609014511108398438e-03 3.007173538208007812e-03
5.006790161132812500e-06 1.096725463867187500e-05 1.406669616699218750e-05 5.585908889770507812e-03 2.319155907630920410e+01 1.002717018127441406e-02 1.082205772399902344e-02 1.127958297729492188e-03 2.092838287353515625e-03 2.918004989624023438e-03
4.053115844726562500e-06 1.001358032226562500e-05 1.406669616699218750e-05 5.141019821166992188e-03 2.264842891693115234e+01 1.040101051330566406e-02 1.032710075378417969e-02 1.070022583007812500e-03 1.782894134521484375e-03 3.180980682373046875e-03
5.006790161132812500e-06 1.096725463867187500e-05 1.406669616699218750e-05 5.126953125000000000e-03 2.024994206428527832e+01 1.015996932983398438e-02 1.056504249572753906e-02 9.930133819580078125e-04 1.884937286376953125e-03 2.923965454101562500e-03
4.053115844726562500e-06 1.096725463867187500e-05 1.502037048339843750e-05 5.005836486816406250e-03 1.999554991722106934e+01 1.005983352661132812e-02 9.827136993408203125e-03 9.479522705078125000e-04 1.600980758666992188e-03 2.912044525146484375e-03
5.006790161132812500e-06 1.001358032226562500e-05 2.408027648925781250e-05 4.824876785278320312e-03 2.046117591857910156e+01 1.065802574157714844e-02 9.785175323486328125e-03 1.374959945678710938e-03 2.080917358398437500e-03 2.876043319702148438e-03
5.006790161132812500e-06 1.120567321777343750e-05 1.382827758789062500e-05 5.116939544677734375e-03 2.084289002418518066e+01 1.131701469421386719e-02 1.087808609008789062e-02 1.082181930541992188e-03 1.732110977172851562e-03 2.978086471557617188e-03
5.006790161132812500e-06 1.096725463867187500e-05 1.406669616699218750e-05 5.084037780761718750e-03 2.136782503128051758e+01 1.069021224975585938e-02 1.089715957641601562e-02 1.440048217773437500e-03 2.568960189819335938e-03 5.373954772949218750e-03
7.152557373046875000e-06 1.597404479980468750e-05 2.408027648925781250e-05 7.091999053955078125e-03 2.032018494606018066e+01 9.715080261230468750e-03 9.565114974975585938e-03 9.920597076416015625e-04 1.682996749877929688e-03 2.799034118652343750e-03
4.053115844726562500e-06 1.001358032226562500e-05 1.502037048339843750e-05 4.664182662963867188e-03 1.998194503784179688e+01 9.865045547485351562e-03 9.477853775024414062e-03 1.065969467163085938e-03 2.272844314575195312e-03 3.027915954589843750e-03
5.006790161132812500e-06 1.001358032226562500e-05 1.311302185058593750e-05 4.879951477050781250e-03 2.011816096305847168e+01 1.005697250366210938e-02 9.722948074340820312e-03 1.116991043090820312e-03 2.081155776977539062e-03 2.897977828979492188e-03
6.198883056640625000e-06 1.096725463867187500e-05 1.406669616699218750e-05 4.798889160156250000e-03 2.070812606811523438e+01 9.797811508178710938e-03 9.724855422973632812e-03 9.939670562744140625e-04 1.868963241577148438e-03 2.842903137207031250e-03
4.053115844726562500e-06 1.001358032226562500e-05 1.215934753417968750e-05 4.858016967773437500e-03 2.056493616104125977e+01 9.819030761718750000e-03 9.586811065673828125e-03 1.089096069335937500e-03 1.979112625122070312e-03 2.948045730590820312e-03
2.861022949218750000e-06 1.001358032226562500e-05 1.287460327148437500e-05 4.626035690307617188e-03 2.045623803138732910e+01 9.957075119018554688e-03 9.715795516967773438e-03 9.889602661132812500e-04 2.160072326660156250e-03 2.974987030029296875e-03
5.006790161132812500e-06 1.001358032226562500e-05 1.311302185058593750e-05 4.713058471679687500e-03 2.042472219467163086e+01 9.928941726684570312e-03 9.526968002319335938e-03 1.111984252929687500e-03 2.157926559448242188e-03 2.826929092407226562e-03
5.006790161132812500e-06 1.001358032226562500e-05 1.215934753417968750e-05 4.663944244384765625e-03 2.074117183685302734e+01 9.960889816284179688e-03 9.474992752075195312e-03 1.161098480224609375e-03 2.293825149536132812e-03 2.834081649780273438e-03
5.006790161132812500e-06 1.001358032226562500e-05 1.215934753417968750e-05 4.765987396240234375e-03 2.299929308891296387e+01 9.954929351806640625e-03 1.084995269775390625e-02 1.192092895507812500e-03 2.287149429321289062e-03 3.152132034301757812e-03
4.053115844726562500e-06 1.001358032226562500e-05 1.406669616699218750e-05 4.950046539306640625e-03 2.092969202995300293e+01 9.819030761718750000e-03 9.698152542114257812e-03 9.510517120361328125e-04 1.682996749877929688e-03 2.851963043212890625e-03
3.099441528320312500e-06 1.096725463867187500e-05 1.502037048339843750e-05 4.749059677124023438e-03 2.073107099533081055e+01 9.770870208740234375e-03 9.644985198974609375e-03 1.058101654052734375e-03 1.994132995605468750e-03 2.877950668334960938e-03
4.053115844726562500e-06 1.001358032226562500e-05 1.311302185058593750e-05 4.801988601684570312e-03 2.035020589828491211e+01 9.732007980346679688e-03 9.597063064575195312e-03 9.508132934570312500e-04 1.590013504028320312e-03 2.828121185302734375e-03
5.006790161132812500e-06 1.096725463867187500e-05 1.406669616699218750e-05 4.707813262939453125e-03 2.030355596542358398e+01 1.040601730346679688e-02 9.936094284057617188e-03 1.319885253906250000e-03 2.568006515502929688e-03 2.902984619140625000e-03
4.053115844726562500e-06 1.001358032226562500e-05 1.287460327148437500e-05 4.792928695678710938e-03 2.054788088798522949e+01 9.856939315795898438e-03 9.683847427368164062e-03 1.164913177490234375e-03 1.982927322387695312e-03 2.853155136108398438e-03
4.053115844726562500e-06 1.001358032226562500e-05 2.908706665039062500e-05 4.882097244262695312e-03 2.055572795867919922e+01 9.763956069946289062e-03 9.607076644897460938e-03 1.071929931640625000e-03 1.924991607666015625e-03 2.847909927368164062e-03
5.006790161132812500e-06 9.059906005859375000e-06 1.406669616699218750e-05 4.646062850952148438e-03 2.035493206977844238e+01 9.829044342041015625e-03 9.984970092773437500e-03 9.410381317138671875e-04 1.670122146606445312e-03 2.943992614746093750e-03
5.006790161132812500e-06 1.096725463867187500e-05 1.311302185058593750e-05 4.776000976562500000e-03 2.044860887527465820e+01 1.115489006042480469e-02 9.742975234985351562e-03 9.720325469970703125e-04 1.906156539916992188e-03 3.076076507568359375e-03
5.006790161132812500e-06 1.001358032226562500e-05 1.406669616699218750e-05 5.023002624511718750e-03 2.077381300926208496e+01 1.029515266418457031e-02 9.980916976928710938e-03 1.065015792846679688e-03 1.848936080932617188e-03 3.046035766601562500e-03
5.006790161132812500e-06 8.821487426757812500e-06 1.382827758789062500e-05 4.824876785278320312e-03 2.106908392906188965e+01 9.777069091796875000e-03 1.002001762390136719e-02 1.166820526123046875e-03 2.604007720947265625e-03 4.056930541992187500e-03
6.914138793945312500e-06 1.716613769531250000e-05 2.288818359375000000e-05 7.895946502685546875e-03 2.241191387176513672e+01 9.902954101562500000e-03 9.906768798828125000e-03 9.460449218750000000e-04 1.637935638427734375e-03 2.826929092407226562e-03
5.006790161132812500e-06 9.059906005859375000e-06 1.406669616699218750e-05 4.688024520874023438e-03 2.137965583801269531e+01 1.462507247924804688e-02 9.735107421875000000e-03 1.713037490844726562e-03 2.397060394287109375e-03 2.951145172119140625e-03
5.006790161132812500e-06 1.096725463867187500e-05 1.406669616699218750e-05 4.717111587524414062e-03 2.135173106193542480e+01 1.016187667846679688e-02 9.809017181396484375e-03 1.019001007080078125e-03 1.971960067749023438e-03 2.934932708740234375e-03
4.053115844726562500e-06 1.001358032226562500e-05 1.406669616699218750e-05 4.814147949218750000e-03 2.044012403488159180e+01 9.974002838134765625e-03 9.710073471069335938e-03 1.378059387207031250e-03 1.968145370483398438e-03 3.113031387329101562e-03
5.006790161132812500e-06 1.215934753417968750e-05 1.597404479980468750e-05 4.786968231201171875e-03 2.050980186462402344e+01 1.081204414367675781e-02 1.009416580200195312e-02 1.505136489868164062e-03 2.129077911376953125e-03 2.964019775390625000e-03
4.053115844726562500e-06 1.096725463867187500e-05 1.597404479980468750e-05 4.786968231201171875e-03 2.059324693679809570e+01 9.829044342041015625e-03 9.605884552001953125e-03 1.019001007080078125e-03 1.700878143310546875e-03 2.803802490234375000e-03
4.053115844726562500e-06 1.001358032226562500e-05 1.287460327148437500e-05 4.693031311035156250e-03 2.043418383598327637e+01 1.096105575561523438e-02 9.659051895141601562e-03 1.030206680297851562e-03 2.171993255615234375e-03 2.886056900024414062e-03
4.053115844726562500e-06 1.096725463867187500e-05 1.192092895507812500e-05 4.689216613769531250e-03 2.043287515640258789e+01 9.763002395629882812e-03 9.788990020751953125e-03 9.210109710693359375e-04 1.791000366210937500e-03 2.938032150268554688e-03
5.006790161132812500e-06 9.059906005859375000e-06 1.311302185058593750e-05 4.759073257446289062e-03 2.039856505393981934e+01 1.021790504455566406e-02 9.664058685302734375e-03 1.296997070312500000e-03 2.480030059814453125e-03 2.943038940429687500e-03
5.006790161132812500e-06 1.001358032226562500e-05 1.502037048339843750e-05 4.755020141601562500e-03 2.041916298866271973e+01 9.672880172729492188e-03 9.425163269042968750e-03 9.710788726806640625e-04 2.228021621704101562e-03 2.888917922973632812e-03
3.814697265625000000e-06 8.821487426757812500e-06 1.502037048339843750e-05 4.624843597412109375e-03 2.046265387535095215e+01 9.902000427246093750e-03 9.551048278808593750e-03 1.075983047485351562e-03 2.321958541870117188e-03 2.918004989624023438e-03
3.814697265625000000e-06 9.775161743164062500e-06 1.287460327148437500e-05 4.739999771118164062e-03 2.026938796043395996e+01 1.011395454406738281e-02 1.049208641052246094e-02 1.127004623413085938e-03 2.600908279418945312e-03 3.251075744628906250e-03
5.006790161132812500e-06 1.192092895507812500e-05 1.311302185058593750e-05 4.759073257446289062e-03 2.051283097267150879e+01 1.035714149475097656e-02 9.932994842529296875e-03 9.658336639404296875e-04 1.978874206542968750e-03 2.863883972167968750e-03
4.053115844726562500e-06 1.001358032226562500e-05 1.192092895507812500e-05 4.685878753662109375e-03 2.055866789817810059e+01 1.071190834045410156e-02 9.903907775878906250e-03 9.829998016357421875e-04 1.951932907104492188e-03 3.003835678100585938e-03
5.006790161132812500e-06 1.120567321777343750e-05 1.287460327148437500e-05 5.174875259399414062e-03 2.074610400199890137e+01 1.066708564758300781e-02 9.588003158569335938e-03 1.025915145874023438e-03 3.377914428710937500e-03 5.256891250610351562e-03
6.914138793945312500e-06 1.716613769531250000e-05 2.193450927734375000e-05 7.751941680908203125e-03 2.037743592262268066e+01 9.840965270996093750e-03 9.706974029541015625e-03 1.072883605957031250e-03 1.683950424194335938e-03 2.827167510986328125e-03
3.814697265625000000e-06 1.001358032226562500e-05 1.192092895507812500e-05 4.685163497924804688e-03 2.052147102355957031e+01 9.655952453613281250e-03 9.557008743286132812e-03 9.858608245849609375e-04 1.687049865722656250e-03 2.835035324096679688e-03
5.006790161132812500e-06 1.096725463867187500e-05 3.409385681152343750e-05 4.664897918701171875e-03 2.046826910972595215e+01 9.589910507202148438e-03 9.378910064697265625e-03 1.175880432128906250e-03 1.702785491943359375e-03 2.800941467285156250e-03
4.053115844726562500e-06 8.821487426757812500e-06 1.215934753417968750e-05 4.633903503417968750e-03 2.101828098297119141e+01 9.774923324584960938e-03 9.656190872192382812e-03 1.053094863891601562e-03 2.051115036010742188e-03 2.897024154663085938e-03
5.006790161132812500e-06 9.059906005859375000e-06 1.502037048339843750e-05 4.776000976562500000e-03 2.100936508178710938e+01 1.009488105773925781e-02 9.720087051391601562e-03 9.620189666748046875e-04 1.652002334594726562e-03 3.077983856201171875e-03
4.053115844726562500e-06 1.001358032226562500e-05 1.502037048339843750e-05 4.602909088134765625e-03 2.031052494049072266e+01 1.018595695495605469e-02 9.824991226196289062e-03 1.194953918457031250e-03 1.712083816528320312e-03 2.845048904418945312e-03
4.053115844726562500e-06 1.096725463867187500e-05 1.311302185058593750e-05 4.708051681518554688e-03 1.997707390785217285e+01 9.752988815307617188e-03 9.525060653686523438e-03 1.114845275878906250e-03 1.882076263427734375e-03 2.864122390747070312e-03
3.814697265625000000e-06 1.001358032226562500e-05 1.287460327148437500e-05 4.698038101196289062e-03 2.070995306968688965e+01 9.826183319091796875e-03 9.624004364013671875e-03 9.019374847412109375e-04 1.651048660278320312e-03 2.810001373291015625e-03
5.006790161132812500e-06 9.059906005859375000e-06 1.192092895507812500e-05 4.914999008178710938e-03 2.014482688903808594e+01 9.834051132202148438e-03 9.714841842651367188e-03 1.073837280273437500e-03 2.336978912353515625e-03 3.047227859497070312e-03
4.053115844726562500e-06 1.001358032226562500e-05 1.311302185058593750e-05 4.693984985351562500e-03 2.060599112510681152e+01 9.889125823974609375e-03 9.803056716918945312e-03 1.086950302124023438e-03 1.723051071166992188e-03 3.002882003784179688e-03
5.006790161132812500e-06 9.059906005859375000e-06 1.502037048339843750e-05 4.982948303222656250e-03 2.126704001426696777e+01 9.843826293945312500e-03 9.791851043701171875e-03 1.049041748046875000e-03 2.010107040405273438e-03 2.900838851928710938e-03
5.006790161132812500e-06 1.096725463867187500e-05 1.287460327148437500e-05 4.738092422485351562e-03 2.027651500701904297e+01 9.668111801147460938e-03 9.490966796875000000e-03 1.015901565551757812e-03 1.645803451538085938e-03 2.812862396240234375e-03
4.053115844726562500e-06 1.001358032226562500e-05 1.311302185058593750e-05 4.656076431274414062e-03 1.975004315376281738e+01 1.043200492858886719e-02 9.423017501831054688e-03 9.529590606689453125e-04 1.748085021972656250e-03 2.872943878173828125e-03
4.053115844726562500e-06 9.059906005859375000e-06 1.192092895507812500e-05 4.977226257324218750e-03 1.973458600044250488e+01 9.677886962890625000e-03 9.500980377197265625e-03 1.055002212524414062e-03 1.695871353149414062e-03 2.829074859619140625e-03
5.006790161132812500e-06 9.059906005859375000e-06 1.287460327148437500e-05 4.802227020263671875e-03 1.991393303871154785e+01 1.023793220520019531e-02 9.888172149658203125e-03 1.111030578613281250e-03 1.914978027343750000e-03 2.871990203857421875e-03
4.053115844726562500e-06 1.001358032226562500e-05 1.597404479980468750e-05 4.721164703369140625e-03 1.998884987831115723e+01 9.716987609863281250e-03 9.441137313842773438e-03 1.068115234375000000e-03 1.698970794677734375e-03 2.827882766723632812e-03
5.006790161132812500e-06 1.001358032226562500e-05 1.215934753417968750e-05 4.642963409423828125e-03 2.004472804069519043e+01 9.851932525634765625e-03 9.662866592407226562e-03 1.155853271484375000e-03 2.118825912475585938e-03 2.910852432250976562e-03
4.053115844726562500e-06 1.001358032226562500e-05 1.311302185058593750e-05 4.760980606079101562e-03 1.979358482360839844e+01 1.003193855285644531e-02 9.712934494018554688e-03 1.022815704345703125e-03 1.770973205566406250e-03 2.891063690185546875e-03
4.053115844726562500e-06 1.001358032226562500e-05 1.287460327148437500e-05 4.750013351440429688e-03 1.995310306549072266e+01 9.640932083129882812e-03 9.382963180541992188e-03 1.013040542602539062e-03 1.699924468994140625e-03 2.796173095703125000e-03
4.053115844726562500e-06 9.059906005859375000e-06 1.215934753417968750e-05 4.631042480468750000e-03 2.000791597366333008e+01 9.881973266601562500e-03 9.436845779418945312e-03 1.043796539306640625e-03 1.882076263427734375e-03 2.834081649780273438e-03
5.006790161132812500e-06 1.001358032226562500e-05 1.502037048339843750e-05 4.665851593017578125e-03 1.987294006347656250e+01 1.006102561950683594e-02 9.782075881958007812e-03 1.023054122924804688e-03 1.646041870117187500e-03 2.920866012573242188e-03
5.006790161132812500e-06 1.001358032226562500e-05 1.311302185058593750e-05 4.688024520874023438e-03 1.974167108535766602e+01 9.706020355224609375e-03 9.439945220947265625e-03 1.050949096679687500e-03 1.670122146606445312e-03 2.866029739379882812e-03
4.053115844726562500e-06 1.001358032226562500e-05 1.192092895507812500e-05 4.668951034545898438e-03 1.975975084304809570e+01 9.755849838256835938e-03 9.505033493041992188e-03 1.137018203735351562e-03 1.979827880859375000e-03 2.827167510986328125e-03
