1.215934753417968750e-05 2.288818359375000000e-05 1.788139343261718750e-05 1.660203933715820312e-02 1.609301567077636719e-02 1.001691818237304688e-02 9.984970092773437500e-03 7.650852203369140625e-04 1.539945602416992188e-03 2.793073654174804688e-03
5.960464477539062500e-06 1.502037048339843750e-05 1.788139343261718750e-05 4.917144775390625000e-03 1.547908782958984375e-02 9.567975997924804688e-03 9.388923645019531250e-03 7.870197296142578125e-04 1.538038253784179688e-03 2.778053283691406250e-03
3.814697265625000000e-06 1.001358032226562500e-05 1.096725463867187500e-05 4.595994949340820312e-03 1.638102531433105469e-02 1.010179519653320312e-02 9.579896926879882812e-03 7.419586181640625000e-04 1.504182815551757812e-03 3.177165985107421875e-03
5.006790161132812500e-06 1.096725463867187500e-05 2.503395080566406250e-05 4.697084426879882812e-03 1.580691337585449219e-02 1.009202003479003906e-02 9.649038314819335938e-03 1.095056533813476562e-03 2.147912979125976562e-03 3.018140792846679688e-03
4.053115844726562500e-06 1.096725463867187500e-05 1.382827758789062500e-05 4.654169082641601562e-03 1.618695259094238281e-02 9.873867034912109375e-03 9.676218032836914062e-03 8.080005645751953125e-04 1.753807067871093750e-03 2.867937088012695312e-03
5.006790161132812500e-06 1.096725463867187500e-05 1.215934753417968750e-05 4.948854446411132812e-03 1.555109024047851562e-02 9.678840637207031250e-03 9.415864944458007812e-03 7.100105285644531250e-04 1.556158065795898438e-03 2.848863601684570312e-03
3.814697265625000000e-06 9.775161743164062500e-06 1.096725463867187500e-05 4.767894744873046875e-03 1.550889015197753906e-02 9.853839874267578125e-03 9.432792663574218750e-03 7.629394531250000000e-04 1.503944396972656250e-03 2.726078033447265625e-03
4.053115844726562500e-06 9.059906005859375000e-06 1.096725463867187500e-05 4.631996154785156250e-03 1.647186279296875000e-02 1.005101203918457031e-02 1.014399528503417969e-02 7.510185241699218750e-04 1.517057418823242188e-03 2.949953079223632812e-03
5.006790161132812500e-06 1.001358032226562500e-05 1.692771911621093750e-05 5.199909210205078125e-03 1.553010940551757812e-02 1.032710075378417969e-02 1.024198532104492188e-02 8.428096771240234375e-04 1.764059066772460938e-03 2.865076065063476562e-03
4.053115844726562500e-06 1.001358032226562500e-05 1.192092895507812500e-05 4.722118377685546875e-03 1.579093933105468750e-02 1.007699966430664062e-02 9.772062301635742188e-03 8.869171142578125000e-04 1.600980758666992188e-03 2.820014953613281250e-03
5.006790161132812500e-06 1.001358032226562500e-05 1.311302185058593750e-05 4.792928695678710938e-03 1.609420776367187500e-02 9.601831436157226562e-03 9.285926818847656250e-03 7.450580596923828125e-04 1.528024673461914062e-03 2.755880355834960938e-03
3.814697265625000000e-06 1.001358032226562500e-05 1.215934753417968750e-05 4.676103591918945312e-03 1.615691184997558594e-02 1.003313064575195312e-02 9.690999984741210938e-03 8.518695831298828125e-04 1.605987548828125000e-03 2.876043319702148438e-03
4.053115844726562500e-06 1.120567321777343750e-05 1.478195190429687500e-05 4.725217819213867188e-03 1.540780067443847656e-02 9.663820266723632812e-03 9.353876113891601562e-03 7.338523864746093750e-04 1.590967178344726562e-03 2.859115600585937500e-03
4.053115844726562500e-06 9.059906005859375000e-06 1.192092895507812500e-05 4.565000534057617188e-03 1.563000679016113281e-02 9.601116180419921875e-03 9.397029876708984375e-03 7.429122924804687500e-04 1.514196395874023438e-03 2.804994583129882812e-03
5.006790161132812500e-06 9.059906005859375000e-06 1.406669616699218750e-05 4.667043685913085938e-03 1.566505432128906250e-02 9.725093841552734375e-03 9.568929672241210938e-03 7.421970367431640625e-04 1.679897308349609375e-03 2.823829650878906250e-03
3.814697265625000000e-06 1.120567321777343750e-05 1.406669616699218750e-05 4.649877548217773438e-03 1.554417610168457031e-02 9.541034698486328125e-03 9.409904479980468750e-03 8.201599121093750000e-04 1.532077789306640625e-03 2.841949462890625000e-03
5.006790161132812500e-06 1.001358032226562500e-05 1.192092895507812500e-05 4.647016525268554688e-03 1.583790779113769531e-02 9.496927261352539062e-03 9.601116180419921875e-03 7.650852203369140625e-04 1.508951187133789062e-03 2.753019332885742188e-03
4.053115844726562500e-06 9.059906005859375000e-06 1.096725463867187500e-05 4.637956619262695312e-03 1.584720611572265625e-02 9.667873382568359375e-03 9.523868560791015625e-03 8.070468902587890625e-04 1.549005508422851562e-03 2.835988998413085938e-03
5.006790161132812500e-06 9.059906005859375000e-06 1.311302185058593750e-05 4.679918289184570312e-03 1.566386222839355469e-02 9.682178497314453125e-03 9.891986846923828125e-03 8.401870727539062500e-04 1.486063003540039062e-03 2.788066864013671875e-03
4.053115844726562500e-06 1.001358032226562500e-05 1.406669616699218750e-05 4.642963409423828125e-03 1.594805717468261719e-02 9.811878204345703125e-03 9.439945220947265625e-03 7.300376892089843750e-04 1.532077789306640625e-03 2.838134765625000000e-03
5.006790161132812500e-06 1.192092895507812500e-05 1.502037048339843750e-05 4.735946655273437500e-03 1.552104949951171875e-02 1.013088226318359375e-02 9.710073471069335938e-03 7.159709930419921875e-04 1.511096954345703125e-03 2.919197082519531250e-03
4.053115844726562500e-06 1.001358032226562500e-05 2.312660217285156250e-05 4.967927932739257812e-03 1.578402519226074219e-02 9.569883346557617188e-03 9.346961975097656250e-03 7.221698760986328125e-04 1.555919647216796875e-03 2.758026123046875000e-03
4.053115844726562500e-06 1.001358032226562500e-05 1.215934753417968750e-05 4.534006118774414062e-03 1.553201675415039062e-02 9.810924530029296875e-03 9.312868118286132812e-03 7.622241973876953125e-04 1.461982727050781250e-03 2.811908721923828125e-03
4.053115844726562500e-06 9.059906005859375000e-06 1.096725463867187500e-05 4.653930664062500000e-03 1.548099517822265625e-02 9.719133377075195312e-03 9.285926818847656250e-03 7.448196411132812500e-04 1.450061798095703125e-03 2.810955047607421875e-03
3.814697265625000000e-06 9.059906005859375000e-06 1.406669616699218750e-05 4.698038101196289062e-03 1.559996604919433594e-02 9.663820266723632812e-03 9.530782699584960938e-03 7.820129394531250000e-04 1.563072204589843750e-03 2.902984619140625000e-03
5.006790161132812500e-06 1.096725463867187500e-05 1.096725463867187500e-05 4.693984985351562500e-03 1.630401611328125000e-02 9.617090225219726562e-03 9.368896484375000000e-03 7.379055023193359375e-04 1.487970352172851562e-03 2.833127975463867188e-03
4.053115844726562500e-06 1.001358032226562500e-05 1.215934753417968750e-05 4.590988159179687500e-03 1.623797416687011719e-02 9.686946868896484375e-03 9.411096572875976562e-03 7.510185241699218750e-04 1.673936843872070312e-03 2.869844436645507812e-03
2.861022949218750000e-06 1.001358032226562500e-05 1.192092895507812500e-05 4.707098007202148438e-03 1.560211181640625000e-02 9.506940841674804688e-03 9.517908096313476562e-03 7.441043853759765625e-04 1.486063003540039062e-03 2.830982208251953125e-03
4.053115844726562500e-06 9.059906005859375000e-06 1.096725463867187500e-05 4.652023315429687500e-03 1.544189453125000000e-02 9.566068649291992188e-03 9.515047073364257812e-03 7.190704345703125000e-04 1.610994338989257812e-03 2.865076065063476562e-03
4.053115844726562500e-06 1.001358032226562500e-05 1.287460327148437500e-05 4.597902297973632812e-03 1.594996452331542969e-02 9.628057479858398438e-03 9.510993957519531250e-03 7.557868957519531250e-04 1.527070999145507812e-03 2.820014953613281250e-03
5.006790161132812500e-06 1.001358032226562500e-05 1.096725463867187500e-05 4.817962646484375000e-03 1.669406890869140625e-02 9.900093078613281250e-03 9.706020355224609375e-03 8.001327514648437500e-04 1.793146133422851562e-03 2.882003784179687500e-03
4.053115844726562500e-06 1.096725463867187500e-05 1.311302185058593750e-05 4.835844039916992188e-03 1.566195487976074219e-02 9.583950042724609375e-03 9.436845779418945312e-03 8.299350738525390625e-04 1.657962799072265625e-03 2.812147140502929688e-03
3.814697265625000000e-06 9.775161743164062500e-06 1.382827758789062500e-05 4.609823226928710938e-03 1.561307907104492188e-02 9.500026702880859375e-03 9.254932403564453125e-03 6.999969482421875000e-04 1.510143280029296875e-03 2.978086471557617188e-03
3.814697265625000000e-06 1.001358032226562500e-05 1.192092895507812500e-05 4.548072814941406250e-03 1.558399200439453125e-02 9.613990783691406250e-03 9.621858596801757812e-03 7.359981536865234375e-04 1.515150070190429688e-03 2.793073654174804688e-03
4.053115844726562500e-06 1.001358032226562500e-05 1.406669616699218750e-05 4.661083221435546875e-03 1.566195487976074219e-02 9.583950042724609375e-03 9.258985519409179688e-03 7.679462432861328125e-04 1.572132110595703125e-03 2.871036529541015625e-03
5.006790161132812500e-06 9.059906005859375000e-06 1.215934753417968750e-05 4.613876342773437500e-03 1.578903198242187500e-02 9.757995605468750000e-03 9.544849395751953125e-03 7.679462432861328125e-04 1.523017883300781250e-03 2.909898757934570312e-03
5.006790161132812500e-06 2.002716064453125000e-05 2.217292785644531250e-05 4.598855972290039062e-03 1.721382141113281250e-02 9.817838668823242188e-03 9.778976440429687500e-03 7.832050323486328125e-04 1.498937606811523438e-03 3.102779388427734375e-03
4.053115844726562500e-06 1.096725463867187500e-05 1.406669616699218750e-05 4.909992218017578125e-03 1.540398597717285156e-02 9.730100631713867188e-03 9.372949600219726562e-03 7.569789886474609375e-04 1.497983932495117188e-03 2.869129180908203125e-03
5.006790161132812500e-06 9.059906005859375000e-06 1.287460327148437500e-05 4.660844802856445312e-03 1.563000679016113281e-02 9.707927703857421875e-03 9.757041931152343750e-03 8.637905120849609375e-04 1.802921295166015625e-03 3.040790557861328125e-03
5.006790161132812500e-06 1.001358032226562500e-05 1.502037048339843750e-05 4.680156707763671875e-03 1.606082916259765625e-02 9.696006774902343750e-03 9.585857391357421875e-03 7.138252258300781250e-04 1.563787460327148438e-03 2.804994583129882812e-03
4.053115844726562500e-06 1.001358032226562500e-05 1.096725463867187500e-05 4.744052886962890625e-03 1.613402366638183594e-02 9.721994400024414062e-03 9.373188018798828125e-03 7.669925689697265625e-04 1.491069793701171875e-03 2.815961837768554688e-03
5.006790161132812500e-06 8.821487426757812500e-06 1.287460327148437500e-05 4.795074462890625000e-03 1.561808586120605469e-02 9.582996368408203125e-03 9.333848953247070312e-03 7.679462432861328125e-04 1.482963562011718750e-03 2.849817276000976562e-03
4.053115844726562500e-06 1.001358032226562500e-05 1.192092895507812500e-05 4.822015762329101562e-03 1.558613777160644531e-02 9.691953659057617188e-03 9.477138519287109375e-03 6.902217864990234375e-04 1.507043838500976562e-03 2.833127975463867188e-03
4.053115844726562500e-06 2.002716064453125000e-05 2.908706665039062500e-05 4.566907882690429688e-03 1.597380638122558594e-02 9.521961212158203125e-03 9.457111358642578125e-03 7.529258728027343750e-04 1.497030258178710938e-03 2.779006958007812500e-03
3.814697265625000000e-06 8.821487426757812500e-06 1.287460327148437500e-05 4.697084426879882812e-03 1.656317710876464844e-02 1.003289222717285156e-02 9.690999984741210938e-03 8.051395416259765625e-04 1.637220382690429688e-03 2.865076065063476562e-03
4.053115844726562500e-06 1.001358032226562500e-05 1.311302185058593750e-05 4.675865173339843750e-03 1.550793647766113281e-02 9.522914886474609375e-03 9.548187255859375000e-03 7.679462432861328125e-04 1.494884490966796875e-03 2.858877182006835938e-03
5.006790161132812500e-06 1.001358032226562500e-05 1.311302185058593750e-05 4.641056060791015625e-03 1.547288894653320312e-02 9.928941726684570312e-03 9.385108947753906250e-03 7.159709930419921875e-04 1.534938812255859375e-03 2.892971038818359375e-03
5.006790161132812500e-06 9.059906005859375000e-06 1.192092895507812500e-05 4.809141159057617188e-03 1.574206352233886719e-02 9.777069091796875000e-03 9.737968444824218750e-03 7.278919219970703125e-04 1.475811004638671875e-03 3.097057342529296875e-03
3.814697265625000000e-06 9.775161743164062500e-06 1.287460327148437500e-05 4.713058471679687500e-03 1.565694808959960938e-02 9.722948074340820312e-03 9.438991546630859375e-03 7.638931274414062500e-04 1.484870910644531250e-03 2.944946289062500000e-03
3.814697265625000000e-06 9.775161743164062500e-06 1.502037048339843750e-05 4.617929458618164062e-03 1.547193527221679688e-02 9.742021560668945312e-03 9.548902511596679688e-03 7.297992706298828125e-04 1.529932022094726562e-03 2.846002578735351562e-03
3.814697265625000000e-06 8.821487426757812500e-06 1.215934753417968750e-05 4.643917083740234375e-03 1.561093330383300781e-02 9.747028350830078125e-03 9.399890899658203125e-03 7.369518280029296875e-04 1.479864120483398438e-03 2.788782119750976562e-03
4.053115844726562500e-06 1.096725463867187500e-05 1.215934753417968750e-05 4.817008972167968750e-03 1.580214500427246094e-02 9.876966476440429688e-03 9.356021881103515625e-03 7.421970367431640625e-04 1.527070999145507812e-03 2.748966217041015625e-03
3.814697265625000000e-06 8.821487426757812500e-06 1.096725463867187500e-05 4.662990570068359375e-03 1.575279235839843750e-02 9.788990020751953125e-03 9.458065032958984375e-03 8.051395416259765625e-04 1.651048660278320312e-03 2.893209457397460938e-03
5.006790161132812500e-06 8.106231689453125000e-06 1.192092895507812500e-05 4.637956619262695312e-03 1.585888862609863281e-02 9.543180465698242188e-03 9.247064590454101562e-03 7.789134979248046875e-04 1.529932022094726562e-03 2.853155136108398438e-03
4.053115844726562500e-06 9.059906005859375000e-06 1.311302185058593750e-05 4.693031311035156250e-03 1.563906669616699219e-02 1.012802124023437500e-02 9.273052215576171875e-03 7.441043853759765625e-04 1.481056213378906250e-03 2.870082855224609375e-03
3.814697265625000000e-06 8.821487426757812500e-06 1.478195190429687500e-05 4.528999328613281250e-03 1.574182510375976562e-02 9.555816650390625000e-03 9.465932846069335938e-03 9.031295776367187500e-04 1.554012298583984375e-03 2.854824066162109375e-03
5.006790161132812500e-06 1.192092895507812500e-05 1.215934753417968750e-05 4.671096801757812500e-03 1.546096801757812500e-02 9.591102600097656250e-03 9.349107742309570312e-03 7.488727569580078125e-04 1.452207565307617188e-03 2.800941467285156250e-03
3.814697265625000000e-06 8.821487426757812500e-06 1.192092895507812500e-05 4.974126815795898438e-03 1.686787605285644531e-02 9.588956832885742188e-03 9.341955184936523438e-03 7.710456848144531250e-04 1.487016677856445312e-03 2.821207046508789062e-03
3.814697265625000000e-06 8.821487426757812500e-06 1.096725463867187500e-05 4.596948623657226562e-03 1.614785194396972656e-02 9.829998016357421875e-03 9.496927261352539062e-03 7.760524749755859375e-04 1.495122909545898438e-03 2.979993820190429688e-03
4.053115844726562500e-06 1.001358032226562500e-05 1.215934753417968750e-05 4.596948623657226562e-03 1.548981666564941406e-02 9.558916091918945312e-03 9.312152862548828125e-03 7.228851318359375000e-04 1.474857330322265625e-03 3.064870834350585938e-03
5.006790161132812500e-06 8.821487426757812500e-06 1.406669616699218750e-05 4.707098007202148438e-03 1.560211181640625000e-02 9.573936462402343750e-03 9.289026260375976562e-03 7.719993591308593750e-04 1.531839370727539062e-03 2.802848815917968750e-03
5.006790161132812500e-06 1.096725463867187500e-05 2.098083496093750000e-05 4.697084426879882812e-03 1.573395729064941406e-02 1.086807250976562500e-02 9.921073913574218750e-03 7.481575012207031250e-04 1.517057418823242188e-03 3.000974655151367188e-03
4.053115844726562500e-06 1.096725463867187500e-05 1.311302185058593750e-05 4.686117172241210938e-03 1.582503318786621094e-02 9.727954864501953125e-03 9.378910064697265625e-03 9.310245513916015625e-04 1.513004302978515625e-03 2.757072448730468750e-03
3.099441528320312500e-06 9.059906005859375000e-06 1.192092895507812500e-05 4.593133926391601562e-03 1.561284065246582031e-02 9.503841400146484375e-03 9.330034255981445312e-03 7.479190826416015625e-04 1.512050628662109375e-03 2.897977828979492188e-03
5.006790161132812500e-06 1.907348632812500000e-05 2.193450927734375000e-05 4.626035690307617188e-03 1.560997962951660156e-02 9.596824645996093750e-03 9.558916091918945312e-03 8.790493011474609375e-04 1.576900482177734375e-03 2.856016159057617188e-03
3.099441528320312500e-06 1.001358032226562500e-05 1.406669616699218750e-05 4.796028137207031250e-03 1.581907272338867188e-02 9.599924087524414062e-03 9.306907653808593750e-03 7.681846618652343750e-04 1.501083374023437500e-03 2.746105194091796875e-03
4.053115844726562500e-06 1.001358032226562500e-05 1.120567321777343750e-05 4.645109176635742188e-03 1.588606834411621094e-02 9.719133377075195312e-03 9.284973144531250000e-03 7.979869842529296875e-04 1.623868942260742188e-03 2.825975418090820312e-03
4.053115844726562500e-06 1.001358032226562500e-05 1.192092895507812500e-05 4.610061645507812500e-03 1.565003395080566406e-02 9.685993194580078125e-03 9.469032287597656250e-03 8.018016815185546875e-04 1.466989517211914062e-03 2.799987792968750000e-03
3.814697265625000000e-06 8.821487426757812500e-06 1.192092895507812500e-05 4.616975784301757812e-03 1.604509353637695312e-02 9.847879409790039062e-03 9.651899337768554688e-03 7.429122924804687500e-04 1.543998718261718750e-03 2.848863601684570312e-03
4.053115844726562500e-06 9.059906005859375000e-06 1.406669616699218750e-05 4.685878753662109375e-03 1.553606986999511719e-02 9.591102600097656250e-03 9.211063385009765625e-03 7.841587066650390625e-04 1.626014709472656250e-03 3.084897994995117188e-03
5.006790161132812500e-06 9.059906005859375000e-06 1.406669616699218750e-05 4.709959030151367188e-03 1.564192771911621094e-02 9.824037551879882812e-03 9.476900100708007812e-03 7.097721099853515625e-04 1.497030258178710938e-03 2.886056900024414062e-03
5.006790161132812500e-06 1.096725463867187500e-05 1.406669616699218750e-05 5.015850067138671875e-03 1.553916931152343750e-02 9.512901306152343750e-03 9.408950805664062500e-03 7.381439208984375000e-04 1.540899276733398438e-03 3.041028976440429688e-03
4.053115844726562500e-06 1.001358032226562500e-05 1.215934753417968750e-05 4.719972610473632812e-03 1.585698127746582031e-02 1.011013984680175781e-02 9.772062301635742188e-03 7.159709930419921875e-04 1.519918441772460938e-03 2.799987792968750000e-03
4.053115844726562500e-06 9.059906005859375000e-06 1.096725463867187500e-05 4.614114761352539062e-03 1.571917533874511719e-02 9.702920913696289062e-03 9.256839752197265625e-03 7.500648498535156250e-04 1.579046249389648438e-03 2.972841262817382812e-03
4.053115844726562500e-06 9.059906005859375000e-06 1.287460327148437500e-05 4.571199417114257812e-03 1.560282707214355469e-02 9.588956832885742188e-03 9.305000305175781250e-03 7.271766662597656250e-04 1.518011093139648438e-03 2.842187881469726562e-03
4.053115844726562500e-06 8.821487426757812500e-06 1.382827758789062500e-05 4.657983779907226562e-03 1.586103439331054688e-02 9.649038314819335938e-03 9.320020675659179688e-03 6.840229034423828125e-04 1.497983932495117188e-03 2.912998199462890625e-03
4.053115844726562500e-06 1.001358032226562500e-05 1.192092895507812500e-05 4.578828811645507812e-03 1.578497886657714844e-02 9.613037109375000000e-03 9.440898895263671875e-03 7.319450378417968750e-04 1.529932022094726562e-03 2.776861190795898438e-03
5.006790161132812500e-06 2.098083496093750000e-05 2.717971801757812500e-05 4.561901092529296875e-03 1.555490493774414062e-02 9.618997573852539062e-03 9.310960769653320312e-03 7.488727569580078125e-04 1.616001129150390625e-03 2.775907516479492188e-03
5.006790161132812500e-06 1.001358032226562500e-05 1.096725463867187500e-05 4.600048065185546875e-03 1.538395881652832031e-02 9.523153305053710938e-03 9.312152862548828125e-03 7.700920104980468750e-04 1.447916030883789062e-03 2.799987792968750000e-03
