1.502037048339843750e-05 3.695487976074218750e-05 3.099441528320312500e-05 4.894018173217773438e-03 1.718592643737792969e-02 5.569458007812500000e-04 6.108283996582031250e-04 1.093864440917968750e-03 1.896858215332031250e-03 2.964019775390625000e-03 4.229545593261718750e-04 9.602069854736328125e-03 9.173154830932617188e-03
5.960464477539062500e-06 1.120567321777343750e-05 1.382827758789062500e-05 4.917860031127929688e-03 1.626706123352050781e-02 4.489421844482421875e-04 4.200935363769531250e-04 7.770061492919921875e-04 1.562833786010742188e-03 2.785921096801757812e-03 3.550052642822265625e-04 9.428024291992187500e-03 9.130954742431640625e-03
4.053115844726562500e-06 1.001358032226562500e-05 1.215934753417968750e-05 4.866838455200195312e-03 1.593899726867675781e-02 3.969669342041015625e-04 4.100799560546875000e-04 7.791519165039062500e-04 1.729011535644531250e-03 2.847194671630859375e-03 3.910064697265625000e-04 9.467124938964843750e-03 9.180068969726562500e-03
4.053115844726562500e-06 9.059906005859375000e-06 1.096725463867187500e-05 4.645109176635742188e-03 1.590490341186523438e-02 3.738403320312500000e-04 4.029273986816406250e-04 8.330345153808593750e-04 1.827955245971679688e-03 2.953052520751953125e-03 3.349781036376953125e-04 9.392023086547851562e-03 8.979797363281250000e-03
4.053115844726562500e-06 1.001358032226562500e-05 1.215934753417968750e-05 4.714012145996093750e-03 1.577997207641601562e-02 4.360675811767578125e-04 5.459785461425781250e-04 1.022100448608398438e-03 1.888990402221679688e-03 2.856969833374023438e-03 3.900527954101562500e-04 9.480953216552734375e-03 9.194850921630859375e-03
5.006790161132812500e-06 1.001358032226562500e-05 1.311302185058593750e-05 4.878997802734375000e-03 1.594996452331542969e-02 4.451274871826171875e-04 4.050731658935546875e-04 7.610321044921875000e-04 1.829147338867187500e-03 2.840042114257812500e-03 3.910064697265625000e-04 1.034712791442871094e-02 9.181022644042968750e-03
4.053115844726562500e-06 1.096725463867187500e-05 1.502037048339843750e-05 4.870176315307617188e-03 1.547908782958984375e-02 3.919601440429687500e-04 5.090236663818359375e-04 9.529590606689453125e-04 1.754045486450195312e-03 2.734899520874023438e-03 3.249645233154296875e-04 9.183883666992187500e-03 8.896112442016601562e-03
5.006790161132812500e-06 1.001358032226562500e-05 1.192092895507812500e-05 4.788160324096679688e-03 1.593089103698730469e-02 4.210472106933593750e-04 4.389286041259765625e-04 9.009838104248046875e-04 1.801967620849609375e-03 2.816915512084960938e-03 3.750324249267578125e-04 9.143114089965820312e-03 8.903026580810546875e-03
4.053115844726562500e-06 1.001358032226562500e-05 1.192092895507812500e-05 4.741907119750976562e-03 1.555609703063964844e-02 3.969669342041015625e-04 4.279613494873046875e-04 8.149147033691406250e-04 1.607894897460937500e-03 2.862930297851562500e-03 3.838539123535156250e-04 9.474992752075195312e-03 9.164094924926757812e-03
5.006790161132812500e-06 8.821487426757812500e-06 1.215934753417968750e-05 4.693031311035156250e-03 1.561999320983886719e-02 3.960132598876953125e-04 4.730224609375000000e-04 7.789134979248046875e-04 1.520872116088867188e-03 2.969980239868164062e-03 3.619194030761718750e-04 9.248018264770507812e-03 9.078025817871093750e-03
4.053115844726562500e-06 1.001358032226562500e-05 1.192092895507812500e-05 4.643917083740234375e-03 1.762700080871582031e-02 4.930496215820312500e-04 4.789829254150390625e-04 8.900165557861328125e-04 2.056121826171875000e-03 2.923011779785156250e-03 3.309249877929687500e-04 9.161949157714843750e-03 9.209156036376953125e-03
5.006790161132812500e-06 1.096725463867187500e-05 1.311302185058593750e-05 4.841089248657226562e-03 1.750397682189941406e-02 4.689693450927734375e-04 4.532337188720703125e-04 8.940696716308593750e-04 2.062082290649414062e-03 4.167079925537109375e-03 3.590583801269531250e-04 1.005196571350097656e-02 9.344816207885742188e-03
1.597404479980468750e-05 2.408027648925781250e-05 3.910064697265625000e-05 1.119899749755859375e-02 1.581311225891113281e-02 4.200935363769531250e-04 6.101131439208984375e-04 1.102924346923828125e-03 1.730918884277343750e-03 2.890825271606445312e-03 4.827976226806640625e-04 1.822185516357421875e-02 9.789943695068359375e-03
5.006790161132812500e-06 1.001358032226562500e-05 1.192092895507812500e-05 4.697084426879882812e-03 1.588797569274902344e-02 3.750324249267578125e-04 4.150867462158203125e-04 8.308887481689453125e-04 1.828908920288085938e-03 2.859115600585937500e-03 3.559589385986328125e-04 9.469985961914062500e-03 9.084939956665039062e-03
4.053115844726562500e-06 1.001358032226562500e-05 1.192092895507812500e-05 4.913806915283203125e-03 1.627397537231445312e-02 4.451274871826171875e-04 4.498958587646484375e-04 8.919239044189453125e-04 1.931905746459960938e-03 2.899885177612304688e-03 3.259181976318359375e-04 9.231090545654296875e-03 9.278059005737304688e-03
5.006790161132812500e-06 1.001358032226562500e-05 1.597404479980468750e-05 4.805088043212890625e-03 1.601791381835937500e-02 3.960132598876953125e-04 4.949569702148437500e-04 7.708072662353515625e-04 1.575946807861328125e-03 2.793788909912109375e-03 3.659725189208984375e-04 9.841918945312500000e-03 9.276151657104492188e-03
5.006790161132812500e-06 9.059906005859375000e-06 1.215934753417968750e-05 4.677057266235351562e-03 1.555299758911132812e-02 4.210472106933593750e-04 4.880428314208984375e-04 7.860660552978515625e-04 1.577138900756835938e-03 2.849817276000976562e-03 3.149509429931640625e-04 9.433031082153320312e-03 9.097814559936523438e-03
3.814697265625000000e-06 1.001358032226562500e-05 1.382827758789062500e-05 4.749059677124023438e-03 1.695084571838378906e-02 4.739761352539062500e-04 4.642009735107421875e-04 9.779930114746093750e-04 1.708984375000000000e-03 2.892971038818359375e-03 3.211498260498046875e-04 9.470939636230468750e-03 9.318113327026367188e-03
5.006790161132812500e-06 1.001358032226562500e-05 1.311302185058593750e-05 5.046844482421875000e-03 1.576495170593261719e-02 3.800392150878906250e-04 4.639625549316406250e-04 7.438659667968750000e-04 1.564025878906250000e-03 2.902984619140625000e-03 3.829002380371093750e-04 9.521961212158203125e-03 9.451150894165039062e-03
4.053115844726562500e-06 1.001358032226562500e-05 1.406669616699218750e-05 4.698038101196289062e-03 1.581597328186035156e-02 3.931522369384765625e-04 4.301071166992187500e-04 7.500648498535156250e-04 1.821994781494140625e-03 2.799987792968750000e-03 3.290176391601562500e-04 9.400129318237304688e-03 9.179115295410156250e-03
3.814697265625000000e-06 9.775161743164062500e-06 1.502037048339843750e-05 5.046844482421875000e-03 1.643896102905273438e-02 5.099773406982421875e-04 5.450248718261718750e-04 9.179115295410156250e-04 1.605987548828125000e-03 2.863168716430664062e-03 3.337860107421875000e-04 9.146928787231445312e-03 9.365081787109375000e-03
4.053115844726562500e-06 1.001358032226562500e-05 1.311302185058593750e-05 4.898071289062500000e-03 2.346396446228027344e-02 5.578994750976562500e-04 5.669593811035156250e-04 1.152992248535156250e-03 2.256155014038085938e-03 5.174160003662109375e-03 4.029273986816406250e-04 9.536027908325195312e-03 9.298086166381835938e-03
5.006790161132812500e-06 1.001358032226562500e-05 1.502037048339843750e-05 7.141113281250000000e-03 1.615405082702636719e-02 4.880428314208984375e-04 6.570816040039062500e-04 9.841918945312500000e-04 1.868009567260742188e-03 3.215074539184570312e-03 4.379749298095703125e-04 1.046800613403320312e-02 9.341955184936523438e-03
5.006790161132812500e-06 8.821487426757812500e-06 1.382827758789062500e-05 4.781007766723632812e-03 1.590299606323242188e-02 4.270076751708984375e-04 4.279613494873046875e-04 7.860660552978515625e-04 1.556158065795898438e-03 2.851009368896484375e-03 3.409385681152343750e-04 9.847879409790039062e-03 9.376049041748046875e-03
4.053115844726562500e-06 1.001358032226562500e-05 1.215934753417968750e-05 4.971027374267578125e-03 1.565599441528320312e-02 3.628730773925781250e-04 4.329681396484375000e-04 1.079082489013671875e-03 1.786947250366210938e-03 3.004074096679687500e-03 3.659725189208984375e-04 9.400129318237304688e-03 9.466171264648437500e-03
4.053115844726562500e-06 1.001358032226562500e-05 1.502037048339843750e-05 4.724025726318359375e-03 1.588988304138183594e-02 3.998279571533203125e-04 4.279613494873046875e-04 8.239746093750000000e-04 2.027988433837890625e-03 2.972126007080078125e-03 3.089904785156250000e-04 9.855031967163085938e-03 9.210109710693359375e-03
4.053115844726562500e-06 1.001358032226562500e-05 1.311302185058593750e-05 4.758119583129882812e-03 1.636791229248046875e-02 4.019737243652343750e-04 4.580020904541015625e-04 8.840560913085937500e-04 1.763820648193359375e-03 3.010988235473632812e-03 3.590583801269531250e-04 1.002502441406250000e-02 9.113073348999023438e-03
5.006790161132812500e-06 1.120567321777343750e-05 1.382827758789062500e-05 4.841804504394531250e-03 1.687908172607421875e-02 8.459091186523437500e-04 7.450580596923828125e-04 1.245021820068359375e-03 3.326892852783203125e-03 5.584955215454101562e-03 4.770755767822265625e-04 9.459972381591796875e-03 9.499073028564453125e-03
9.059906005859375000e-06 2.002716064453125000e-05 2.884864807128906250e-05 5.236864089965820312e-03 1.575899124145507812e-02 4.611015319824218750e-04 4.529953002929687500e-04 8.630752563476562500e-04 1.507997512817382812e-03 2.815961837768554688e-03 4.489421844482421875e-04 9.581089019775390625e-03 9.358167648315429688e-03
4.053115844726562500e-06 1.001358032226562500e-05 1.120567321777343750e-05 4.782915115356445312e-03 1.601505279541015625e-02 3.919601440429687500e-04 4.580020904541015625e-04 8.430480957031250000e-04 1.747131347656250000e-03 2.800941467285156250e-03 4.749298095703125000e-04 9.324073791503906250e-03 9.088039398193359375e-03
4.053115844726562500e-06 1.001358032226562500e-05 1.120567321777343750e-05 4.771947860717773438e-03 1.613116264343261719e-02 4.150867462158203125e-04 4.220008850097656250e-04 7.650852203369140625e-04 1.525878906250000000e-03 3.123998641967773438e-03 3.230571746826171875e-04 9.393930435180664062e-03 9.187936782836914062e-03
4.053115844726562500e-06 1.001358032226562500e-05 1.311302185058593750e-05 4.885911941528320312e-03 1.585102081298828125e-02 4.370212554931640625e-04 4.069805145263671875e-04 8.220672607421875000e-04 1.782178878784179688e-03 3.082990646362304688e-03 3.168582916259765625e-04 9.538888931274414062e-03 9.167909622192382812e-03
1.382827758789062500e-05 1.096725463867187500e-05 2.503395080566406250e-05 4.822969436645507812e-03 1.603698730468750000e-02 4.520416259765625000e-04 4.150867462158203125e-04 8.080005645751953125e-04 1.811981201171875000e-03 2.897024154663085938e-03 3.380775451660156250e-04 9.557008743286132812e-03 9.139060974121093750e-03
3.814697265625000000e-06 9.775161743164062500e-06 1.287460327148437500e-05 4.973173141479492188e-03 1.585698127746582031e-02 4.429817199707031250e-04 4.389286041259765625e-04 7.970333099365234375e-04 1.518964767456054688e-03 2.765893936157226562e-03 3.640651702880859375e-04 9.575128555297851562e-03 9.305000305175781250e-03
3.814697265625000000e-06 8.821487426757812500e-06 1.311302185058593750e-05 4.842996597290039062e-03 1.887202262878417969e-02 4.720687866210937500e-04 4.651546478271484375e-04 8.409023284912109375e-04 1.734018325805664062e-03 2.962112426757812500e-03 3.778934478759765625e-04 9.247064590454101562e-03 9.124994277954101562e-03
5.006790161132812500e-06 1.001358032226562500e-05 1.406669616699218750e-05 4.797935485839843750e-03 1.680898666381835938e-02 4.200935363769531250e-04 4.720687866210937500e-04 8.509159088134765625e-04 1.631975173950195312e-03 2.893924713134765625e-03 3.709793090820312500e-04 1.001906394958496094e-02 9.704113006591796875e-03
4.053115844726562500e-06 1.001358032226562500e-05 1.287460327148437500e-05 4.758119583129882812e-03 1.603198051452636719e-02 4.248619079589843750e-04 4.558563232421875000e-04 7.829666137695312500e-04 1.536130905151367188e-03 2.871990203857421875e-03 3.559589385986328125e-04 9.360790252685546875e-03 9.212017059326171875e-03
5.960464477539062500e-06 9.059906005859375000e-06 1.192092895507812500e-05 4.762887954711914062e-03 1.605486869812011719e-02 4.229545593261718750e-04 4.031658172607421875e-04 9.589195251464843750e-04 2.029895782470703125e-03 2.820968627929687500e-03 3.199577331542968750e-04 9.426832199096679688e-03 9.058952331542968750e-03
4.053115844726562500e-06 9.059906005859375000e-06 1.287460327148437500e-05 4.902124404907226562e-03 1.617813110351562500e-02 4.260540008544921875e-04 5.722045898437500000e-04 8.609294891357421875e-04 1.719951629638671875e-03 2.907037734985351562e-03 3.299713134765625000e-04 9.517908096313476562e-03 9.222984313964843750e-03
5.006790161132812500e-06 8.821487426757812500e-06 1.192092895507812500e-05 5.039930343627929688e-03 1.630306243896484375e-02 4.110336303710937500e-04 4.539489746093750000e-04 8.540153503417968750e-04 1.966953277587890625e-03 2.933025360107421875e-03 3.490447998046875000e-04 9.567022323608398438e-03 9.649038314819335938e-03
3.814697265625000000e-06 9.775161743164062500e-06 1.287460327148437500e-05 4.738092422485351562e-03 1.526093482971191406e-02 3.957748413085937500e-04 4.379749298095703125e-04 8.101463317871093750e-04 1.599073410034179688e-03 2.986907958984375000e-03 3.330707550048828125e-04 9.485960006713867188e-03 9.132862091064453125e-03
3.814697265625000000e-06 1.001358032226562500e-05 1.096725463867187500e-05 4.760980606079101562e-03 1.593208312988281250e-02 4.301071166992187500e-04 4.279613494873046875e-04 8.468627929687500000e-04 1.541852951049804688e-03 3.133773803710937500e-03 3.790855407714843750e-04 9.371995925903320312e-03 9.042024612426757812e-03
4.053115844726562500e-06 1.001358032226562500e-05 1.192092895507812500e-05 4.863977432250976562e-03 1.581001281738281250e-02 4.479885101318359375e-04 4.529953002929687500e-04 8.459091186523437500e-04 1.837015151977539062e-03 2.938032150268554688e-03 3.209114074707031250e-04 9.387016296386718750e-03 9.138107299804687500e-03
4.768371582031250000e-06 8.821487426757812500e-06 1.287460327148437500e-05 4.688978195190429688e-03 1.603198051452636719e-02 4.098415374755859375e-04 4.689693450927734375e-04 9.140968322753906250e-04 1.521110534667968750e-03 2.891063690185546875e-03 3.302097320556640625e-04 9.310960769653320312e-03 9.094953536987304688e-03
5.006790161132812500e-06 1.001358032226562500e-05 1.406669616699218750e-05 4.708051681518554688e-03 1.564288139343261719e-02 4.332065582275390625e-04 5.218982696533203125e-04 8.289813995361328125e-04 1.690149307250976562e-03 2.862930297851562500e-03 3.159046173095703125e-04 9.559869766235351562e-03 9.025812149047851562e-03
5.006790161132812500e-06 1.001358032226562500e-05 1.311302185058593750e-05 4.719972610473632812e-03 1.562213897705078125e-02 4.789829254150390625e-04 4.880428314208984375e-04 8.440017700195312500e-04 1.504898071289062500e-03 2.800941467285156250e-03 3.781318664550781250e-04 9.620904922485351562e-03 9.160995483398437500e-03
4.053115844726562500e-06 1.001358032226562500e-05 1.215934753417968750e-05 4.951000213623046875e-03 1.564192771911621094e-02 4.091262817382812500e-04 4.551410675048828125e-04 8.571147918701171875e-04 1.626968383789062500e-03 2.867221832275390625e-03 3.268718719482421875e-04 9.312868118286132812e-03 9.128808975219726562e-03
5.006790161132812500e-06 2.098083496093750000e-05 1.311302185058593750e-05 4.729986190795898438e-03 1.575589179992675781e-02 4.169940948486328125e-04 4.301071166992187500e-04 7.939338684082031250e-04 1.632928848266601562e-03 2.809047698974609375e-03 3.230571746826171875e-04 9.271144866943359375e-03 9.140014648437500000e-03
4.053115844726562500e-06 8.106231689453125000e-06 1.215934753417968750e-05 4.675865173339843750e-03 1.593494415283203125e-02 4.129409790039062500e-04 5.881786346435546875e-04 7.908344268798828125e-04 1.595020294189453125e-03 2.845048904418945312e-03 3.619194030761718750e-04 9.548902511596679688e-03 9.049892425537109375e-03
4.053115844726562500e-06 9.059906005859375000e-06 1.096725463867187500e-05 4.709959030151367188e-03 1.584601402282714844e-02 3.950595855712890625e-04 4.410743713378906250e-04 8.089542388916015625e-04 1.797199249267578125e-03 2.875089645385742188e-03 3.190040588378906250e-04 9.435892105102539062e-03 9.516954421997070312e-03
4.053115844726562500e-06 1.001358032226562500e-05 1.192092895507812500e-05 4.767894744873046875e-03 1.566505432128906250e-02 3.890991210937500000e-04 4.711151123046875000e-04 7.741451263427734375e-04 1.510858535766601562e-03 2.805948257446289062e-03 3.280639648437500000e-04 9.466886520385742188e-03 9.129047393798828125e-03
5.006790161132812500e-06 9.059906005859375000e-06 1.406669616699218750e-05 4.855871200561523438e-03 1.573801040649414062e-02 3.719329833984375000e-04 4.651546478271484375e-04 7.469654083251953125e-04 1.554012298583984375e-03 2.973079681396484375e-03 3.178119659423828125e-04 9.193897247314453125e-03 9.344100952148437500e-03
5.006790161132812500e-06 1.096725463867187500e-05 1.502037048339843750e-05 4.657983779907226562e-03 1.588010787963867188e-02 4.241466522216796875e-04 4.029273986816406250e-04 7.929801940917968750e-04 1.764059066772460938e-03 2.844095230102539062e-03 3.099441528320312500e-04 9.251117706298828125e-03 9.059906005859375000e-03
4.053115844726562500e-06 2.098083496093750000e-05 1.406669616699218750e-05 4.818916320800781250e-03 1.581406593322753906e-02 4.210472106933593750e-04 3.869533538818359375e-04 7.891654968261718750e-04 1.753091812133789062e-03 2.897977828979492188e-03 3.540515899658203125e-04 9.471178054809570312e-03 9.150028228759765625e-03
5.006790161132812500e-06 1.096725463867187500e-05 1.192092895507812500e-05 4.683017730712890625e-03 1.592206954956054688e-02 4.460811614990234375e-04 4.260540008544921875e-04 8.168220520019531250e-04 1.513004302978515625e-03 2.937078475952148438e-03 3.268718719482421875e-04 9.385108947753906250e-03 9.148120880126953125e-03
5.960464477539062500e-06 1.001358032226562500e-05 1.287460327148437500e-05 4.720926284790039062e-03 1.565504074096679688e-02 4.799365997314453125e-04 4.520416259765625000e-04 8.430480957031250000e-04 1.536846160888671875e-03 2.830982208251953125e-03 3.221035003662109375e-04 9.415864944458007812e-03 9.300947189331054688e-03
4.053115844726562500e-06 1.096725463867187500e-05 1.311302185058593750e-05 4.760980606079101562e-03 1.568508148193359375e-02 3.869533538818359375e-04 4.200935363769531250e-04 8.149147033691406250e-04 1.901865005493164062e-03 2.813816070556640625e-03 4.131793975830078125e-04 9.372949600219726562e-03 9.109973907470703125e-03
3.814697265625000000e-06 1.120567321777343750e-05 1.192092895507812500e-05 4.724979400634765625e-03 1.602602005004882812e-02 5.068778991699218750e-04 4.820823669433593750e-04 8.311271667480468750e-04 1.770019531250000000e-03 2.785921096801757812e-03 3.361701965332031250e-04 9.284019470214843750e-03 9.272098541259765625e-03
4.053115844726562500e-06 1.001358032226562500e-05 2.408027648925781250e-05 4.728078842163085938e-03 1.598000526428222656e-02 3.788471221923828125e-04 4.291534423828125000e-04 8.151531219482421875e-04 1.907110214233398438e-03 2.961158752441406250e-03 3.969669342041015625e-04 9.388208389282226562e-03 9.310007095336914062e-03
5.006790161132812500e-06 1.001358032226562500e-05 1.096725463867187500e-05 4.745960235595703125e-03 1.579999923706054688e-02 4.308223724365234375e-04 4.258155822753906250e-04 7.958412170410156250e-04 1.576900482177734375e-03 3.053903579711914062e-03 3.390312194824218750e-04 9.682893753051757812e-03 9.306907653808593750e-03
5.006790161132812500e-06 1.001358032226562500e-05 1.287460327148437500e-05 4.668951034545898438e-03 1.621294021606445312e-02 5.419254302978515625e-04 5.140304565429687500e-04 8.487701416015625000e-04 1.549959182739257812e-03 2.905130386352539062e-03 3.538131713867187500e-04 9.398937225341796875e-03 9.089946746826171875e-03
4.053115844726562500e-06 1.001358032226562500e-05 1.192092895507812500e-05 4.659891128540039062e-03 1.557779312133789062e-02 4.148483276367187500e-04 4.761219024658203125e-04 9.219646453857421875e-04 1.533985137939453125e-03 2.759933471679687500e-03 3.559589385986328125e-04 9.845972061157226562e-03 9.113788604736328125e-03
4.053115844726562500e-06 1.001358032226562500e-05 1.502037048339843750e-05 4.865169525146484375e-03 1.599001884460449219e-02 4.458427429199218750e-04 4.539489746093750000e-04 9.100437164306640625e-04 1.976013183593750000e-03 2.913951873779296875e-03 3.628730773925781250e-04 9.032964706420898438e-03 9.292125701904296875e-03
5.006790161132812500e-06 1.096725463867187500e-05 1.215934753417968750e-05 4.829883575439453125e-03 1.574802398681640625e-02 4.210472106933593750e-04 4.138946533203125000e-04 9.109973907470703125e-04 1.605033874511718750e-03 2.854108810424804688e-03 3.468990325927734375e-04 9.600162506103515625e-03 9.222984313964843750e-03
4.053115844726562500e-06 9.059906005859375000e-06 1.096725463867187500e-05 4.641056060791015625e-03 1.586484909057617188e-02 3.600120544433593750e-04 4.351139068603515625e-04 7.920265197753906250e-04 1.895904541015625000e-03 2.869129180908203125e-03 3.330707550048828125e-04 9.237051010131835938e-03 9.081125259399414062e-03
4.768371582031250000e-06 1.001358032226562500e-05 1.192092895507812500e-05 4.720926284790039062e-03 1.564693450927734375e-02 3.769397735595703125e-04 4.510879516601562500e-04 8.060932159423828125e-04 1.676082611083984375e-03 2.959966659545898438e-03 3.390312194824218750e-04 9.443044662475585938e-03 9.134054183959960938e-03
6.198883056640625000e-06 1.192092895507812500e-05 1.406669616699218750e-05 4.889011383056640625e-03 1.575303077697753906e-02 4.150867462158203125e-04 4.079341888427734375e-04 8.339881896972656250e-04 1.483917236328125000e-03 2.826929092407226562e-03 3.280639648437500000e-04 9.370088577270507812e-03 9.570121765136718750e-03
3.814697265625000000e-06 1.001358032226562500e-05 1.192092895507812500e-05 4.754066467285156250e-03 2.200984954833984375e-02 6.389617919921875000e-04 6.618499755859375000e-04 1.331806182861328125e-03 2.378940582275390625e-03 3.093957901000976562e-03 3.170967102050781250e-04 9.265899658203125000e-03 9.232997894287109375e-03
5.006790161132812500e-06 1.001358032226562500e-05 1.406669616699218750e-05 5.097150802612304688e-03 1.603007316589355469e-02 3.900527954101562500e-04 4.150867462158203125e-04 8.211135864257812500e-04 1.800060272216796875e-03 2.906084060668945312e-03 3.819465637207031250e-04 9.512901306152343750e-03 9.241104125976562500e-03
4.053115844726562500e-06 1.001358032226562500e-05 1.215934753417968750e-05 4.906892776489257812e-03 1.549816131591796875e-02 4.000663757324218750e-04 4.251003265380859375e-04 7.929801940917968750e-04 1.604080200195312500e-03 2.815961837768554688e-03 3.290176391601562500e-04 9.319067001342773438e-03 9.289979934692382812e-03
4.053115844726562500e-06 9.059906005859375000e-06 1.215934753417968750e-05 4.527807235717773438e-03 1.575183868408203125e-02 4.119873046875000000e-04 4.320144653320312500e-04 8.440017700195312500e-04 1.569032669067382812e-03 2.860069274902343750e-03 3.149509429931640625e-04 9.516954421997070312e-03 8.934974670410156250e-03
4.053115844726562500e-06 1.192092895507812500e-05 1.287460327148437500e-05 4.882097244262695312e-03 1.568007469177246094e-02 4.389286041259765625e-04 4.169940948486328125e-04 7.770061492919921875e-04 1.535892486572265625e-03 2.785921096801757812e-03 3.781318664550781250e-04 9.335041046142578125e-03 9.201049804687500000e-03
4.053115844726562500e-06 9.059906005859375000e-06 1.215934753417968750e-05 4.673004150390625000e-03 1.546406745910644531e-02 3.931522369384765625e-04 4.870891571044921875e-04 8.718967437744140625e-04 1.627922058105468750e-03 2.869844436645507812e-03 3.290176391601562500e-04 9.319067001342773438e-03 9.021043777465820312e-03
3.814697265625000000e-06 8.821487426757812500e-06 1.096725463867187500e-05 4.678010940551757812e-03 1.588106155395507812e-02 4.169940948486328125e-04 3.969669342041015625e-04 7.839202880859375000e-04 1.763105392456054688e-03 2.835988998413085938e-03 3.139972686767578125e-04 9.160995483398437500e-03 9.193897247314453125e-03
5.006790161132812500e-06 9.059906005859375000e-06 1.215934753417968750e-05 4.838943481445312500e-03 1.608300209045410156e-02 4.770755767822265625e-04 4.379749298095703125e-04 8.580684661865234375e-04 1.905918121337890625e-03 2.900838851928710938e-03 3.561973571777343750e-04 9.252071380615234375e-03 9.179830551147460938e-03
4.053115844726562500e-06 1.096725463867187500e-05 1.311302185058593750e-05 4.796981811523437500e-03 1.617097854614257812e-02 4.839897155761718750e-04 4.670619964599609375e-04 8.320808410644531250e-04 1.784086227416992188e-03 2.901792526245117188e-03 3.461837768554687500e-04 9.474992752075195312e-03 9.180068969726562500e-03
3.814697265625000000e-06 1.001358032226562500e-05 1.287460327148437500e-05 4.795789718627929688e-03 1.581215858459472656e-02 4.780292510986328125e-04 4.410743713378906250e-04 8.919239044189453125e-04 1.935005187988281250e-03 2.870082855224609375e-03 3.638267517089843750e-04 9.466886520385742188e-03 8.960008621215820312e-03
3.099441528320312500e-06 1.001358032226562500e-05 1.215934753417968750e-05 4.714965820312500000e-03 1.621294021606445312e-02 3.859996795654296875e-04 4.160404205322265625e-04 8.978843688964843750e-04 1.765012741088867188e-03 2.887010574340820312e-03 3.709793090820312500e-04 9.474992752075195312e-03 9.250879287719726562e-03
4.053115844726562500e-06 1.001358032226562500e-05 1.215934753417968750e-05 4.827022552490234375e-03 1.658201217651367188e-02 4.608631134033203125e-04 5.769729614257812500e-04 1.235008239746093750e-03 2.600908279418945312e-03 2.926111221313476562e-03 3.490447998046875000e-04 9.444952011108398438e-03 9.216785430908203125e-03
