1.000000000000000048e-04 2.783946632128037716e-37
2.000000000000000096e-04 2.096426310706715280e-38
3.000000000000000279e-04 5.314544081614350729e-39
4.000000000000000192e-04 2.201397552550338506e-39
5.000000000000000104e-04 1.175570309760141629e-39
6.000000000000000559e-04 7.285177073929366111e-40
7.000000000000001013e-04 4.965238991155754769e-40
8.000000000000000383e-04 3.611460781347134522e-40
9.000000000000000838e-04 2.753096203449549874e-40
1.000000000000000021e-03 2.174560438488914277e-40
1.100000000000000066e-03 1.766122317801990952e-40
1.200000000000000112e-03 1.467188334885927608e-40
1.300000000000000157e-03 1.242068604316214525e-40
1.400000000000000203e-03 1.068614770094825163e-40
1.500000000000000031e-03 9.324777572177217148e-41
1.600000000000000077e-03 8.240205323350721559e-41
1.700000000000000122e-03 7.365700390627480781e-41
1.800000000000000168e-03 6.653829110981167852e-41
1.900000000000000213e-03 6.070099655744687087e-41
2.000000000000000042e-03 5.588927271826905787e-41
2.099999999999999870e-03 5.190998225175685486e-41
2.200000000000000133e-03 4.861503514392865597e-41
2.299999999999999961e-03 4.588928527698730760e-41
2.399999999999999790e-03 4.364206866253158084e-41
2.500000000000000052e-03 4.180118009220556942e-41
2.599999999999999881e-03 4.030851516376168349e-41
2.700000000000000143e-03 3.911687028623228308e-41
2.799999999999999972e-03 3.818756109526917086e-41
2.899999999999999800e-03 3.748862796643096636e-41
3.000000000000000062e-03 3.699346848391483675e-41
3.099999999999999891e-03 3.667978433208039649e-41
3.200000000000000153e-03 3.652876244051883894e-41
3.299999999999999982e-03 3.652443254047786506e-41
3.399999999999999811e-03 3.665315890580500724e-41
3.500000000000000073e-03 3.690323511244276191e-41
3.599999999999999901e-03 3.726455857848424565e-41
3.700000000000000164e-03 3.772836739228671273e-41
3.799999999999999992e-03 3.828702614314388764e-41
3.899999999999999821e-03 3.893385057944013152e-41
4.000000000000000083e-03 3.966296323986000955e-41
4.100000000000000346e-03 4.046917394950160592e-41
4.200000000000000608e-03 4.134788039742976478e-41
4.300000000000000870e-03 4.229498502476092032e-41
4.400000000000000265e-03 4.330682523192866297e-41
4.500000000000000527e-03 4.438011451805915830e-41
4.600000000000000790e-03 4.551189263683367505e-41
4.700000000000000185e-03 4.669948322329878953e-41
4.800000000000000447e-03 4.794045763829695509e-41
4.900000000000000709e-03 4.923260400920412660e-41
5.000000000000000104e-03 5.057390063085932850e-41
5.100000000000000366e-03 5.196249303914667101e-41
5.200000000000000629e-03 5.339667418946707978e-41
5.300000000000000891e-03 5.487486726934264933e-41
5.400000000000000286e-03 5.639561075330965783e-41
5.500000000000000548e-03 5.795754537272326113e-41
5.600000000000000810e-03 5.955940272598077505e-41
5.700000000000000205e-03 6.119999529821638156e-41
5.800000000000000468e-03 6.287820769551856732e-41
5.900000000000000730e-03 6.459298892858324236e-41
6.000000000000000125e-03 6.634334560557531579e-41
6.100000000000000387e-03 6.812833591473620732e-41
6.200000000000000649e-03 6.994706429467521124e-41
6.300000000000000912e-03 7.179867670490797818e-41
6.400000000000000307e-03 7.368235642153781759e-41
6.500000000000000569e-03 7.559732029340184948e-41
6.600000000000000831e-03 7.754281540284537270e-41
6.700000000000000226e-03 7.951811608280545705e-41
6.800000000000000488e-03 8.152252124829223868e-41
6.900000000000000751e-03 8.355535200583365671e-41
7.000000000000001013e-03 8.561594950914029869e-41
7.100000000000000408e-03 8.770367303327738669e-41
7.200000000000000670e-03 8.981789824309839109e-41
7.300000000000000933e-03 9.195801563468690671e-41
7.400000000000000328e-03 9.412342913114000574e-41
7.500000000000000590e-03 9.631355481626834602e-41
7.600000000000000852e-03 9.852781979173199738e-41
7.700000000000000247e-03 1.007656611448255498e-40
7.800000000000000509e-03 1.030265250155997060e-40
7.900000000000000772e-03 1.053098657532949806e-40
8.000000000000000167e-03 1.076151451531906831e-40
8.099999999999999561e-03 1.099418317659588215e-40
8.199999999999998956e-03 1.122894002724799019e-40
8.300000000000000086e-03 1.146573309178403226e-40
8.399999999999999481e-03 1.170451089989016423e-40
8.500000000000000611e-03 1.194522244004260445e-40
8.600000000000000006e-03 1.218781711752630244e-40
8.699999999999999400e-03 1.243224471645692053e-40
8.800000000000000530e-03 1.267845536544400066e-40
8.899999999999999925e-03 1.292639950656986476e-40
8.999999999999999320e-03 1.317602786739126653e-40
9.100000000000000450e-03 1.342729143569915900e-40
9.199999999999999845e-03 1.368014143679835102e-40
9.299999999999999239e-03 1.393452931309113676e-40
9.400000000000000369e-03 1.419040670576969342e-40
9.499999999999999764e-03 1.444772543844057077e-40
9.599999999999999159e-03 1.470643750252064371e-40
9.700000000000000289e-03 1.496649504425889345e-40
9.799999999999999684e-03 1.522785035325152499e-40
9.899999999999999079e-03 1.549045585232981901e-40
1.000000000000000021e-02 1.575426408871081984e-40
1.009999999999999960e-02 1.601922772631054717e-40
1.020000000000000073e-02 1.628529953912828962e-40
1.030000000000000013e-02 1.655243240561811159e-40
1.039999999999999952e-02 1.682057930397111525e-40
1.050000000000000065e-02 1.708969330823816784e-40
1.060000000000000005e-02 1.735972758522870378e-40
1.069999999999999944e-02 1.763063539212659666e-40
1.080000000000000057e-02 1.790237007476877573e-40
1.089999999999999997e-02 1.817488506653643598e-40
1.099999999999999936e-02 1.844813388781316056e-40
1.110000000000000049e-02 1.872207014596721065e-40
1.119999999999999989e-02 1.899664753581902075e-40
1.129999999999999928e-02 1.927181984055780004e-40
1.140000000000000041e-02 1.954754093307359371e-40
1.149999999999999981e-02 1.982376477767418850e-40
1.159999999999999920e-02 2.010044543215781447e-40
1.170000000000000033e-02 2.037753705021552148e-40
1.179999999999999973e-02 2.065499388413810387e-40
1.189999999999999912e-02 2.093277028780504881e-40
1.200000000000000025e-02 2.121082071993401146e-40
1.209999999999999964e-02 2.148909974757076810e-40
1.220000000000000077e-02 2.176756204980173502e-40
1.230000000000000017e-02 2.204616242167112104e-40
1.239999999999999956e-02 2.232485577828712220e-40
1.250000000000000069e-02 2.260359715910180777e-40
1.260000000000000009e-02 2.288234173235078240e-40
1.269999999999999948e-02 2.316104479963938630e-40
1.280000000000000061e-02 2.343966180066296996e-40
1.290000000000000001e-02 2.371814831804985686e-40
1.299999999999999940e-02 2.399646008231594189e-40
1.310000000000000053e-02 2.427455297692069713e-40
1.319999999999999993e-02 2.455238304341503749e-40
1.329999999999999932e-02 2.482990648667191104e-40
1.340000000000000045e-02 2.510707968019105340e-40
1.349999999999999985e-02 2.538385917146981903e-40
1.359999999999999924e-02 2.566020168743264239e-40
1.370000000000000037e-02 2.593606413991159219e-40
1.379999999999999977e-02 2.621140363117148950e-40
1.390000000000000090e-02 2.648617745947302335e-40
1.400000000000000029e-02 2.676034312466766921e-40
1.409999999999999969e-02 2.703385833381887168e-40
1.420000000000000082e-02 2.730668100684341496e-40
1.430000000000000021e-02 2.757876928216851920e-40
1.439999999999999961e-02 2.785008152239897364e-40
1.450000000000000074e-02 2.812057631998991415e-40
1.460000000000000013e-02 2.839021250292069777e-40
1.469999999999999953e-02 2.865894914036543721e-40
1.480000000000000066e-02 2.892674554835625954e-40
1.490000000000000005e-02 2.919356129543505999e-40
1.499999999999999944e-02 2.945935620829044741e-40
1.510000000000000057e-02 2.972409037737576634e-40
1.519999999999999997e-02 2.998772416250525924e-40
1.529999999999999936e-02 3.025021819842460886e-40
1.540000000000000049e-02 3.051153340035312398e-40
1.549999999999999989e-02 3.077163096949424081e-40
1.559999999999999928e-02 3.103047239851157882e-40
1.570000000000000215e-02 3.128801947696787182e-40
1.580000000000000154e-02 3.154423429672360513e-40
1.590000000000000094e-02 3.179907925729366662e-40
1.600000000000000033e-02 3.205251707115863048e-40
1.609999999999999973e-02 3.230451076902884677e-40
1.619999999999999912e-02 3.255502370505891419e-40
1.629999999999999852e-02 3.280401956201034194e-40
1.640000000000000138e-02 3.305146235636015342e-40
1.650000000000000078e-02 3.329731644335376397e-40
1.660000000000000017e-02 3.354154652199961611e-40
1.669999999999999957e-02 3.378411764000425913e-40
1.679999999999999896e-02 3.402499519864565446e-40
1.690000000000000183e-02 3.426414495758301025e-40
1.700000000000000122e-02 3.450153303960176660e-40
1.710000000000000062e-02 3.473712593529165976e-40
1.720000000000000001e-02 3.497089050765650306e-40
1.729999999999999941e-02 3.520279399665439183e-40
1.739999999999999880e-02 3.543280402366639907e-40
1.750000000000000167e-02 3.566088859589275469e-40
1.760000000000000106e-02 3.588701611067497468e-40
1.770000000000000046e-02 3.611115535974271688e-40
1.779999999999999985e-02 3.633327553338412752e-40
1.789999999999999925e-02 3.655334622453830829e-40
1.799999999999999864e-02 3.677133743280890469e-40
1.810000000000000150e-02 3.698721956839767780e-40
1.820000000000000090e-02 3.720096345595708078e-40
1.830000000000000029e-02 3.741254033836042887e-40
1.839999999999999969e-02 3.762192188038925517e-40
1.849999999999999908e-02 3.782908017233633904e-40
1.860000000000000195e-02 3.803398773352397899e-40
1.870000000000000134e-02 3.823661751573622127e-40
1.880000000000000074e-02 3.843694290656462001e-40
1.890000000000000013e-02 3.863493773266639515e-40
1.899999999999999953e-02 3.883057626293440903e-40
1.909999999999999892e-02 3.902383321157817047e-40
1.920000000000000179e-02 3.921468374111540140e-40
1.930000000000000118e-02 3.940310346527294247e-40
1.940000000000000058e-02 3.958906845179723441e-40
1.949999999999999997e-02 3.977255522517297999e-40
1.959999999999999937e-02 3.995354076924990542e-40
1.969999999999999876e-02 4.013200252977702542e-40
1.980000000000000163e-02 4.030791841684384937e-40
1.990000000000000102e-02 4.048126680722801458e-40
2.000000000000000042e-02 4.065202654664916718e-40
2.009999999999999981e-02 4.082017695192851986e-40
2.019999999999999921e-02 4.098569781305369470e-40
2.030000000000000207e-02 4.114856939514852502e-40
2.040000000000000147e-02 4.130877244034785686e-40
2.050000000000000086e-02 4.146628816957642864e-40
2.060000000000000026e-02 4.162109828423219569e-40
2.069999999999999965e-02 4.177318496777361065e-40
2.079999999999999905e-02 4.192253088721054130e-40
2.090000000000000191e-02 4.206911919449906256e-40
2.100000000000000130e-02 4.221293352783964133e-40
2.110000000000000070e-02 4.235395801287864900e-40
2.120000000000000009e-02 4.249217726381345432e-40
2.129999999999999949e-02 4.262757638440046883e-40
2.139999999999999888e-02 4.276014096886679706e-40
2.150000000000000175e-02 4.288985710272489641e-40
2.160000000000000114e-02 4.301671136349069499e-40
2.170000000000000054e-02 4.314069082130490669e-40
2.179999999999999993e-02 4.326178303945804082e-40
2.189999999999999933e-02 4.337997607481866606e-40
2.199999999999999872e-02 4.349525847816554839e-40
2.210000000000000159e-02 4.360761929442352460e-40
2.220000000000000098e-02 4.371704806280344552e-40
2.230000000000000038e-02 4.382353481684637690e-40
2.239999999999999977e-02 4.392707008437215545e-40
2.249999999999999917e-02 4.402764488733268374e-40
2.260000000000000203e-02 4.412525074157035525e-40
2.270000000000000143e-02 4.421987965648146284e-40
2.280000000000000082e-02 4.431152413458560209e-40
2.290000000000000022e-02 4.440017717100075951e-40
2.299999999999999961e-02 4.448583225282478701e-40
2.309999999999999901e-02 4.456848335842369520e-40
2.320000000000000187e-02 4.464812495662701802e-40
2.330000000000000127e-02 4.472475200583075468e-40
2.340000000000000066e-02 4.479835995300837825e-40
2.350000000000000006e-02 4.486894473263032672e-40
2.359999999999999945e-02 4.493650276549262122e-40
2.369999999999999885e-02 4.500103095745482312e-40
2.380000000000000171e-02 4.506252669808826830e-40
2.390000000000000110e-02 4.512098785923495369e-40
2.400000000000000050e-02 4.517641279347748379e-40
2.409999999999999989e-02 4.522880033252103182e-40
2.419999999999999929e-02 4.527814978548773106e-40
2.430000000000000215e-02 4.532446093712405960e-40
2.440000000000000155e-02 4.536773404592224592e-40
2.450000000000000094e-02 4.540796984215585863e-40
2.460000000000000034e-02 4.544516952583069771e-40
2.469999999999999973e-02 4.547933476455160727e-40
2.479999999999999913e-02 4.551046769130576431e-40
2.490000000000000199e-02 4.553857090216344697e-40
2.500000000000000139e-02 4.556364745389688561e-40
2.510000000000000078e-02 4.558570086151815132e-40
2.520000000000000018e-02 4.560473509573660357e-40
2.529999999999999957e-02 4.562075458033713716e-40
2.539999999999999897e-02 4.563376418947961149e-40
2.550000000000000183e-02 4.564376924492076744e-40
2.560000000000000123e-02 4.565077551315903152e-40
2.570000000000000062e-02 4.565478920250371606e-40
2.580000000000000002e-02 4.565581696006871366e-40
2.589999999999999941e-02 4.565386586869241473e-40
2.600000000000000228e-02 4.564894344378423997e-40
2.610000000000000167e-02 4.564105763009894581e-40
2.620000000000000107e-02 4.563021679843972249e-40
2.630000000000000046e-02 4.561642974229075357e-40
2.639999999999999986e-02 4.559970567438081935e-40
2.649999999999999925e-02 4.558005422317818059e-40
2.660000000000000211e-02 4.555748542931843113e-40
2.670000000000000151e-02 4.553200974196608596e-40
2.680000000000000090e-02 4.550363801511067975e-40
2.690000000000000030e-02 4.547238150379912949e-40
2.699999999999999969e-02 4.543825186030459767e-40
2.709999999999999909e-02 4.540126113023352018e-40
2.720000000000000195e-02 4.536142174857174482e-40
2.730000000000000135e-02 4.531874653567078394e-40
2.740000000000000074e-02 4.527324869317533927e-40
2.750000000000000014e-02 4.522494179989326545e-40
2.759999999999999953e-02 4.517383980760908147e-40
2.770000000000000240e-02 4.511995703684215578e-40
2.780000000000000179e-02 4.506330817255076386e-40
2.790000000000000119e-02 4.500390825978309520e-40
2.800000000000000058e-02 4.494177269927649006e-40
2.809999999999999998e-02 4.487691724300595835e-40
2.819999999999999937e-02 4.480935798968330189e-40
2.830000000000000224e-02 4.473911138020792506e-40
2.840000000000000163e-02 4.466619419307064679e-40
2.850000000000000103e-02 4.459062353971147667e-40
2.860000000000000042e-02 4.451241685983308420e-40
2.869999999999999982e-02 4.443159191667040160e-40
2.879999999999999921e-02 4.434816679221849741e-40
2.890000000000000208e-02 4.426215988241911224e-40
2.900000000000000147e-02 4.417358989230778980e-40
2.910000000000000087e-02 4.408247583112229666e-40
2.920000000000000026e-02 4.398883700737393738e-40
2.929999999999999966e-02 4.389269302388293975e-40
2.940000000000000252e-02 4.379406377277912542e-40
2.950000000000000192e-02 4.369296943046890993e-40
2.960000000000000131e-02 4.358943045257062238e-40
2.970000000000000070e-02 4.348346756881836498e-40
2.980000000000000010e-02 4.337510177793668009e-40
2.989999999999999949e-02 4.326435434248655472e-40
3.000000000000000236e-02 4.315124678368458983e-40
3.010000000000000175e-02 4.303580087619622339e-40
3.020000000000000115e-02 4.291803864290443450e-40
3.030000000000000054e-02 4.279798234965530727e-40
3.039999999999999994e-02 4.267565449998160435e-40
3.049999999999999933e-02 4.255107782980565529e-40
3.060000000000000220e-02 4.242427530212286470e-40
3.070000000000000159e-02 4.229527010166719432e-40
3.080000000000000099e-02 4.216408562955976892e-40
3.090000000000000038e-02 4.203074549794189500e-40
3.099999999999999978e-02 4.189527352459409894e-40
3.109999999999999917e-02 4.175769372754182909e-40
3.120000000000000204e-02 4.161803031964982831e-40
3.130000000000000143e-02 4.147630770320589466e-40
3.140000000000000430e-02 4.133255046449556393e-40
3.150000000000000716e-02 4.118678336836901866e-40
3.160000000000000309e-02 4.103903135280128449e-40
3.170000000000000595e-02 4.088931952344726321e-40
3.180000000000000188e-02 4.073767314819265491e-40
3.190000000000000474e-02 4.058411765170201716e-40
3.200000000000000761e-02 4.042867860996543757e-40
3.210000000000000353e-02 4.027138174484491272e-40
3.220000000000000639e-02 4.011225291862155084e-40
3.230000000000000232e-02 3.995131812854517264e-40
3.240000000000000518e-02 3.978860350138729705e-40
3.250000000000000111e-02 3.962413528799885788e-40
3.260000000000000397e-02 3.945793985787366272e-40
3.270000000000000684e-02 3.929004369371932327e-40
3.280000000000000276e-02 3.912047338603619555e-40
3.290000000000000563e-02 3.894925562770606726e-40
3.300000000000000155e-02 3.877641720859157924e-40
3.310000000000000442e-02 3.860198501014760459e-40
3.320000000000000728e-02 3.842598600004574359e-40
3.330000000000000321e-02 3.824844722681319888e-40
3.340000000000000607e-02 3.806939581448696863e-40
3.350000000000000200e-02 3.788885895728503012e-40
3.360000000000000486e-02 3.770686391429496209e-40
3.370000000000000773e-02 3.752343800418176787e-40
3.380000000000000365e-02 3.733860859991574744e-40
3.390000000000000652e-02 3.715240312352149526e-40
3.400000000000000244e-02 3.696484904084936134e-40
3.410000000000000531e-02 3.677597385637018329e-40
3.420000000000000123e-02 3.658580510799488786e-40
3.430000000000000410e-02 3.639437036191925978e-40
3.440000000000000696e-02 3.620169720749587221e-40
3.450000000000000289e-02 3.600781325213348464e-40
3.460000000000000575e-02 3.581274611622540490e-40
3.470000000000000168e-02 3.561652342810772091e-40
3.480000000000000454e-02 3.541917281904840919e-40
3.490000000000000741e-02 3.522072191826838077e-40
3.500000000000000333e-02 3.502119834799545129e-40
3.510000000000000620e-02 3.482062971855229979e-40
3.520000000000000212e-02 3.461904362347933381e-40
3.530000000000000498e-02 3.441646763469333759e-40
3.540000000000000785e-02 3.421292929768321264e-40
3.550000000000000377e-02 3.400845612674325091e-40
3.560000000000000664e-02 3.380307560024535599e-40
3.570000000000000256e-02 3.359681515595077088e-40
3.580000000000000543e-02 3.338970218636245845e-40
3.590000000000000135e-02 3.318176403411897872e-40
3.600000000000000422e-02 3.297302798743052374e-40
3.610000000000000708e-02 3.276352127555839051e-40
3.620000000000000301e-02 3.255327106433831630e-40
3.630000000000000587e-02 3.234230445174881401e-40
3.640000000000000180e-02 3.213064846352519694e-40
3.650000000000000466e-02 3.191833004882008817e-40
3.660000000000000753e-02 3.170537607591138119e-40
3.670000000000000345e-02 3.149181332795810026e-40
3.680000000000000632e-02 3.127766849880520473e-40
3.690000000000000224e-02 3.106296818883816911e-40
3.700000000000000511e-02 3.084773890088755516e-40
3.710000000000000797e-02 3.063200703618501160e-40
3.720000000000000390e-02 3.041579889037072981e-40
3.730000000000000676e-02 3.019914064955355471e-40
3.740000000000000269e-02 2.998205838642409341e-40
3.750000000000000555e-02 2.976457805642160857e-40
3.760000000000000148e-02 2.954672549395543076e-40
3.770000000000000434e-02 2.932852640868118742e-40
3.780000000000000721e-02 2.911000638183285581e-40
3.790000000000000313e-02 2.889119086261097029e-40
3.800000000000000600e-02 2.867210516462757934e-40
3.810000000000000192e-02 2.845277446240862933e-40
3.820000000000000479e-02 2.823322378795411769e-40
3.830000000000000765e-02 2.801347802735684731e-40
3.840000000000000357e-02 2.779356191747993727e-40
3.850000000000000644e-02 2.757350004269375053e-40
3.860000000000000236e-02 2.735331683167274436e-40
3.870000000000000523e-02 2.713303655425263486e-40
3.880000000000000809e-02 2.691268331834829589e-40
3.890000000000000402e-02 2.669228106693295905e-40
3.900000000000000688e-02 2.647185357507875157e-40
3.910000000000000281e-02 2.625142444705948153e-40
3.920000000000000567e-02 2.603101711351560512e-40
3.930000000000000160e-02 2.581065482868188987e-40
3.940000000000000446e-02 2.559036066767814904e-40
3.950000000000000733e-02 2.537015752386325918e-40
3.960000000000000325e-02 2.515006810625292178e-40
3.970000000000000612e-02 2.493011493700110784e-40
3.980000000000000204e-02 2.471032034894598057e-40
3.990000000000000491e-02 2.449070648322000671e-40
4.000000000000000777e-02 2.427129528692481110e-40
4.010000000000000370e-02 2.405210851087087648e-40
4.020000000000000656e-02 2.383316770738228013e-40
4.030000000000000249e-02 2.361449422816674889e-40
4.040000000000000535e-02 2.339610922225089784e-40
4.050000000000000822e-02 2.317803363398121956e-40
4.060000000000000414e-02 2.296028820109065685e-40
4.070000000000000701e-02 2.274289345283068945e-40
4.080000000000000293e-02 2.252586970816973823e-40
4.090000000000000580e-02 2.230923707405692037e-40
4.100000000000000172e-02 2.209301544375230145e-40
4.110000000000000459e-02 2.187722449522265742e-40
4.120000000000000745e-02 2.166188368960373778e-40
4.130000000000000338e-02 2.144701226972807522e-40
4.140000000000000624e-02 2.123262925871908028e-40
4.150000000000000216e-02 2.101875345865107824e-40
4.160000000000000503e-02 2.080540344927516589e-40
4.170000000000000789e-02 2.059259758681099844e-40
4.180000000000000382e-02 2.038035400280430248e-40
4.190000000000000668e-02 2.016869060305002537e-40
4.200000000000000261e-02 1.995762506658112921e-40
4.210000000000000547e-02 1.974717484472259708e-40
4.220000000000000834e-02 1.953735716021096959e-40
4.230000000000000426e-02 1.932818900637874303e-40
4.240000000000000713e-02 1.911968714640370237e-40
4.250000000000000305e-02 1.891186811262313632e-40
4.260000000000000592e-02 1.870474820591229383e-40
4.270000000000000184e-02 1.849834349512726182e-40
4.280000000000000471e-02 1.829266981661171124e-40
4.290000000000000757e-02 1.808774277376758511e-40
4.300000000000000350e-02 1.788357773668902483e-40
4.310000000000000636e-02 1.768018984185951039e-40
4.320000000000000229e-02 1.747759399191199430e-40
4.330000000000000515e-02 1.727580485545136435e-40
4.340000000000000802e-02 1.707483686693916798e-40
4.350000000000000394e-02 1.687470422664015371e-40
4.360000000000000681e-02 1.667542090063020964e-40
4.370000000000000273e-02 1.647700062086547450e-40
4.380000000000000560e-02 1.627945688531189969e-40
4.390000000000000152e-02 1.608280295813526608e-40
4.400000000000000439e-02 1.588705186995085850e-40
4.410000000000000725e-02 1.569221641813250825e-40
4.420000000000000318e-02 1.549830916718060393e-40
4.430000000000000604e-02 1.530534244914839165e-40
4.440000000000000197e-02 1.511332836412640138e-40
4.450000000000000483e-02 1.492227878078403498e-40
4.460000000000000769e-02 1.473220533696834652e-40
4.470000000000000362e-02 1.454311944035907678e-40
4.480000000000000648e-02 1.435503226917934864e-40
4.490000000000000241e-02 1.416795477296200904e-40
4.500000000000000527e-02 1.398189767337042052e-40
4.510000000000000814e-02 1.379687146507347191e-40
4.520000000000000406e-02 1.361288641667414955e-40
4.530000000000000693e-02 1.342995257169093495e-40
4.540000000000000285e-02 1.324807974959177800e-40
4.550000000000000572e-02 1.306727754687939579e-40
4.560000000000000164e-02 1.288755533822796031e-40
4.570000000000000451e-02 1.270892227766992485e-40
4.580000000000000737e-02 1.253138729983277112e-40
4.590000000000000330e-02 1.235495912122470830e-40
4.600000000000000616e-02 1.217964624156874301e-40
4.610000000000000209e-02 1.200545694518449616e-40
4.620000000000000495e-02 1.183239930241684694e-40
4.630000000000000782e-02 1.166048117111104726e-40
4.640000000000000374e-02 1.148971019813313401e-40
4.650000000000000661e-02 1.132009382093521909e-40
4.660000000000000253e-02 1.115163926916489455e-40
4.670000000000000540e-02 1.098435356631777824e-40
4.680000000000000826e-02 1.081824353143267571e-40
4.690000000000000419e-02 1.065331578082846741e-40
4.700000000000000705e-02 1.048957672988188101e-40
4.710000000000000298e-02 1.032703259484559008e-40
4.720000000000000584e-02 1.016568939470549312e-40
4.730000000000000177e-02 1.000555295307673256e-40
4.740000000000000463e-02 9.846628900137326007e-41
4.750000000000000749e-02 9.688922674598783698e-41
4.760000000000000342e-02 9.532439525712833361e-41
4.770000000000000628e-02 9.377184515313291976e-41
4.780000000000000221e-02 9.223162519892570591e-41
4.790000000000000507e-02 9.070378232711446984e-41
4.800000000000000794e-02 8.918836165941823726e-41
4.810000000000000386e-02 8.768540652841127865e-41
4.820000000000000673e-02 8.619495849957784309e-41
4.830000000000000265e-02 8.471705739366734153e-41
4.840000000000000552e-02 8.325174130934175166e-41
4.850000000000000838e-02 8.179904664610691421e-41
4.860000000000000431e-02 8.035900812751748421e-41
4.870000000000000717e-02 7.893165882464735007e-41
4.880000000000000310e-02 7.751703017981724133e-41
4.890000000000000596e-02 7.611515203056907455e-41
4.900000000000000189e-02 7.472605263387881938e-41
4.910000000000000475e-02 7.334975869059827039e-41
4.920000000000000762e-02 7.198629537011788392e-41
4.930000000000000354e-02 7.063568633523947479e-41
4.940000000000000641e-02 6.929795376725060619e-41
4.950000000000000233e-02 6.797311839119290340e-41
4.960000000000000520e-02 6.666119950131107768e-41
4.970000000000000806e-02 6.536221498667827610e-41
4.980000000000000399e-02 6.407618135698457423e-41
4.990000000000000685e-02 6.280311376848101571e-41
5.000000000000000278e-02 6.154302605007036925e-41
5.010000000000000564e-02 6.029593072953296964e-41
5.020000000000000850e-02 5.906183905988195346e-41
5.030000000000000443e-02 5.784076104583412528e-41
5.040000000000000729e-02 5.663270547039060188e-41
5.050000000000000322e-02 5.543767992151700813e-41
5.060000000000000608e-02 5.425569081891199905e-41
5.070000000000000201e-02 5.308674344085781708e-41
5.080000000000000487e-02 5.193084195114075180e-41
5.090000000000000774e-02 5.078798942603390599e-41
5.100000000000000366e-02 4.965818788133210302e-41
5.110000000000000653e-02 4.854143829942972870e-41
5.120000000000000245e-02 4.743774065643291254e-41
5.130000000000000532e-02 4.634709394929515927e-41
5.140000000000000818e-02 4.526949622296919689e-41
5.150000000000000411e-02 4.420494459756397851e-41
5.160000000000000697e-02 4.315343529549863583e-41
5.170000000000000290e-02 4.211496366864396307e-41
5.180000000000000576e-02 4.108952422544187798e-41
5.190000000000000863e-02 4.007711065799479005e-41
5.200000000000000455e-02 3.907771586911431299e-41
5.210000000000000742e-02 3.809133199932097622e-41
5.220000000000000334e-02 3.711795045378671253e-41
5.230000000000000621e-02 3.615756192920940612e-41
5.240000000000000213e-02 3.521015644061209370e-41
5.250000000000000500e-02 3.427572334805671476e-41
5.260000000000000786e-02 3.335425138326504447e-41
5.270000000000000379e-02 3.244572867613639925e-41
5.280000000000000665e-02 3.155014278115408603e-41
5.290000000000000258e-02 3.066748070367268297e-41
5.300000000000000544e-02 2.979772892607586954e-41
5.310000000000000830e-02 2.894087343379762778e-41
5.320000000000000423e-02 2.809689974119777132e-41
5.330000000000000709e-02 2.726579291728302861e-41
5.340000000000000302e-02 2.644753761126635969e-41
5.350000000000000588e-02 2.564211807795461677e-41
5.360000000000000875e-02 2.484951820295800277e-41
5.370000000000000467e-02 2.406972152771211087e-41
5.380000000000000754e-02 2.330271127430391947e-41
5.390000000000000346e-02 2.254847037009592330e-41
5.400000000000000633e-02 2.180698147213764662e-41
5.410000000000000225e-02 2.107822699135925206e-41
5.420000000000000512e-02 2.036218911653708750e-41
5.430000000000000798e-02 1.965884983802602475e-41
5.440000000000000391e-02 1.896819097124843484e-41
5.450000000000000677e-02 1.829019417993398346e-41
5.460000000000000270e-02 1.762484099910278306e-41
5.470000000000000556e-02 1.697211285778318175e-41
5.480000000000000843e-02 1.633199110145883357e-41
5.490000000000000435e-02 1.570445701423627421e-41
5.500000000000000722e-02 1.508949184072701727e-41
5.510000000000000314e-02 1.448707680763679419e-41
5.520000000000000601e-02 1.389719314505492091e-41
5.530000000000000887e-02 1.331982210743782138e-41
5.540000000000000480e-02 1.275494499427910453e-41
5.550000000000000766e-02 1.220254317046003131e-41
5.560000000000000359e-02 1.166259808627458826e-41
5.570000000000000645e-02 1.113509129712171447e-41
5.580000000000000238e-02 1.062000448285938264e-41
5.590000000000000524e-02 1.011731946681391092e-41
5.600000000000000810e-02 9.627018234439101573e-42
5.610000000000000403e-02 9.149082951618674955e-42
5.620000000000000689e-02 8.683495982606573309e-42
5.630000000000000282e-02 8.230239907599894993e-42
5.640000000000000568e-02 7.789297539938190038e-42
5.650000000000000855e-02 7.360651942924335204e-42
5.660000000000000447e-02 6.944286446261517221e-42
5.670000000000000734e-02 6.540184662101059351e-42
5.680000000000000326e-02 6.148330500696619164e-42
5.690000000000000613e-02 5.768708185658948463e-42
5.700000000000000899e-02 5.401302268807555708e-42
5.710000000000000492e-02 5.046097644613700866e-42
5.720000000000000778e-02 4.703079564230810033e-42
5.730000000000000371e-02 4.372233649107772722e-42
5.740000000000000657e-02 4.053545904180728046e-42
5.750000000000000250e-02 3.747002730639722876e-42
5.760000000000000536e-02 3.452590938265548041e-42
5.770000000000000823e-02 3.170297757333714911e-42
5.780000000000000415e-02 2.900110850081365285e-42
5.790000000000000702e-02 2.642018321733474396e-42
5.800000000000000294e-02 2.396008731085635896e-42
5.810000000000000581e-02 2.162071100639220195e-42
5.820000000000000867e-02 1.940194926286582154e-42
5.830000000000000460e-02 1.730370186542756923e-42
5.840000000000000746e-02 1.532587351321010245e-42
5.850000000000000339e-02 1.346837390249776299e-42
5.860000000000000625e-02 1.173111780527747371e-42
5.870000000000000911e-02 1.011402514315525604e-42
5.880000000000000504e-02 8.617021056608830590e-43
5.890000000000000790e-02 7.240035969557936018e-43
5.900000000000000383e-02 5.983005649233000173e-43
5.910000000000000669e-02 4.845871261321491836e-43
5.920000000000000262e-02 3.828579420376888632e-43
5.930000000000000548e-02 2.931082235473416201e-43
5.940000000000000835e-02 2.153337351093954090e-43
5.950000000000000427e-02 1.495307983236786255e-43
5.960000000000000714e-02 9.569629507311057362e-44
5.970000000000000306e-02 5.382767017518755619e-44
5.980000000000000593e-02 2.392293355248791213e-44
5.990000000000000879e-02 5.980661921611583129e-45
6.000000000000000472e-02 3.271688632629340289e-72
6.010000000000000758e-02 5.980661230268604494e-45
6.020000000000000351e-02 2.392292802183239012e-44
6.030000000000000637e-02 5.382765150975074289e-44
6.040000000000000230e-02 9.569625083085029856e-44
6.050000000000000516e-02 1.495307119173739543e-43
6.060000000000000803e-02 2.153335858085080319e-43
6.070000000000000395e-02 2.931079864803073452e-43
6.080000000000000682e-02 3.828575881947253218e-43
6.090000000000000274e-02 4.845866223684585821e-43
6.100000000000000561e-02 5.982998739627497765e-43
6.110000000000000847e-02 7.240026773950390804e-43
6.120000000000000440e-02 8.617009119739280175e-43
6.130000000000000726e-02 1.011400996858732080e-42
6.140000000000000319e-02 1.173109885545209978e-42
6.150000000000000605e-02 1.346835059879248204e-42
6.160000000000000892e-02 1.532584523600131048e-42
6.170000000000000484e-02 1.730366795415652833e-42
6.180000000000000770e-02 1.940190901611104364e-42
6.190000000000000363e-02 2.162066368194235190e-42
6.200000000000000649e-02 2.396003212578957134e-42
6.210000000000000242e-02 2.642011934810050806e-42
6.220000000000000528e-02 2.900103508331861338e-42
6.230000000000000815e-02 3.170289370303455514e-42
6.240000000000000407e-02 3.452581411463664478e-42
6.250000000000000000e-02 3.746991965548951276e-42
6.260000000000000286e-02 4.053533798267175043e-42
6.270000000000000573e-02 4.372220095831088293e-42
6.280000000000000859e-02 4.703064453054778384e-42
6.290000000000001146e-02 5.046080861016900756e-42
6.300000000000000044e-02 5.401283694294391661e-42
6.310000000000000331e-02 5.768687697771077058e-42
6.320000000000000617e-02 6.148307973024291214e-42
6.330000000000000904e-02 6.540159964294809370e-42
6.340000000000001190e-02 6.944259444044058090e-42
6.350000000000000089e-02 7.360622498102647825e-42
6.360000000000000375e-02 7.789265510415836022e-42
6.370000000000000662e-02 8.230205147389264352e-42
6.380000000000000948e-02 8.683458341841415080e-42
6.390000000000001235e-02 9.149042276566685173e-42
6.400000000000000133e-02 9.626974367514568600e-42
6.410000000000000420e-02 1.011727224659046018e-41
6.420000000000000706e-02 1.061995374408273282e-41
6.430000000000000993e-02 1.113503687072249363e-41
6.440000000000001279e-02 1.166253979938099955e-41
6.450000000000000178e-02 1.220248084641064996e-41
6.460000000000000464e-02 1.275487845263567866e-41
6.470000000000000751e-02 1.331975116399781155e-41
6.480000000000001037e-02 1.389711761186388545e-41
6.489999999999999936e-02 1.448699649300085864e-41
6.500000000000000222e-02 1.508940654922539737e-41
6.510000000000000508e-02 1.570436654673285832e-41
6.520000000000000795e-02 1.633189525511434367e-41
6.530000000000001081e-02 1.697201142606670492e-41
6.539999999999999980e-02 1.762473377180309385e-41
6.550000000000000266e-02 1.829008094317084850e-41
6.560000000000000553e-02 1.896807150748303040e-41
6.570000000000000839e-02 1.965872392607167289e-41
6.580000000000001126e-02 2.036205653156898793e-41
6.590000000000000024e-02 2.107808750492426502e-41
6.600000000000000311e-02 2.180683485216379792e-41
6.610000000000000597e-02 2.254831638090059405e-41
6.620000000000000884e-02 2.330254967660250233e-41
6.630000000000001170e-02 2.406955207862539944e-41
6.640000000000000069e-02 2.484934065601947138e-41
6.650000000000000355e-02 2.564193218311700951e-41
6.660000000000000642e-02 2.644734311490765494e-41
6.670000000000000928e-02 2.726558956221160322e-41
6.680000000000001215e-02 2.809668726665668284e-41
6.690000000000000113e-02 2.894065157546862648e-41
6.700000000000000400e-02 2.979749741608263052e-41
6.710000000000000686e-02 3.066723927058273821e-41
6.720000000000000973e-02 3.154989114998026203e-41
6.730000000000001259e-02 3.244546656833731662e-41
6.740000000000000158e-02 3.335397851674468458e-41
6.750000000000000444e-02 3.427543943716298727e-41
6.760000000000000731e-02 3.520986119613444054e-41
6.770000000000001017e-02 3.615725505837544706e-41
6.780000000000001303e-02 3.711763166025745317e-41
6.790000000000000202e-02 3.809100098318526148e-41
6.800000000000000488e-02 3.907737232688249553e-41
6.810000000000000775e-02 4.007675428259005874e-41
6.820000000000001061e-02 4.108915470619113269e-41
6.829999999999999960e-02 4.211458069126721614e-41
6.840000000000000246e-02 4.315303854209775590e-41
6.850000000000000533e-02 4.420453374660855407e-41
6.860000000000000819e-02 4.526907094928223161e-41
6.870000000000001106e-02 4.634665392403692697e-41
6.880000000000000004e-02 4.743728554708316547e-41
6.890000000000000291e-02 4.854096776976873858e-41
6.900000000000000577e-02 4.965770159141943332e-41
6.910000000000000864e-02 5.078748703218617497e-41
6.920000000000001150e-02 5.193032310590725434e-41
6.930000000000000049e-02 5.308620779299461722e-41
6.940000000000000335e-02 5.425513801335452368e-41
6.950000000000000622e-02 5.543710959935006121e-41
6.960000000000000908e-02 5.663211726881709392e-41
6.970000000000001195e-02 5.784015459814139667e-41
6.980000000000000093e-02 5.906121399540646646e-41
6.990000000000000380e-02 6.029528667362318551e-41
7.000000000000000666e-02 6.154236262404652586e-41
7.010000000000000953e-02 6.280243058959413029e-41
7.020000000000001239e-02 6.407547803837183678e-41
7.030000000000000138e-02 6.536149113731697463e-41
7.040000000000000424e-02 6.666045472597054546e-41
7.050000000000000711e-02 6.797235229038320356e-41
7.060000000000000997e-02 6.929716593716946264e-41
7.070000000000001283e-02 7.063487636771613421e-41
7.080000000000000182e-02 7.198546285255526486e-41
7.090000000000000469e-02 7.334890320591187010e-41
7.100000000000000755e-02 7.472517376043309209e-41
7.110000000000001041e-02 7.611424934211130161e-41
7.119999999999999940e-02 7.751610324540801631e-41
7.130000000000000226e-02 7.893070720858963645e-41
7.140000000000000513e-02 8.035803138928117676e-41
7.150000000000000799e-02 8.179804434025158551e-41
7.160000000000001086e-02 8.325071298543529990e-41
7.169999999999999984e-02 8.471600259620259913e-41
7.180000000000000271e-02 8.619387676788640194e-41
7.190000000000000557e-02 8.768429739657240093e-41
7.200000000000000844e-02 8.918722465616592079e-41
7.210000000000001130e-02 9.070261697574090422e-41
7.220000000000000029e-02 9.223043101718095612e-41
7.230000000000000315e-02 9.377062165312223419e-41
7.240000000000000602e-02 9.532314194520400754e-41
7.250000000000000888e-02 9.688794312263966901e-41
7.260000000000001175e-02 9.846497456111360483e-41
7.270000000000000073e-02 1.000541837620134343e-40
7.280000000000000360e-02 1.016555163320080705e-40
7.290000000000000646e-02 1.032689159629745374e-40
7.300000000000000933e-02 1.048943244122900013e-40
7.310000000000001219e-02 1.065316814834901560e-40
7.320000000000000118e-02 1.081809250073055464e-40
7.330000000000000404e-02 1.098419908230850872e-40
7.340000000000000691e-02 1.115148127606097534e-40
7.350000000000000977e-02 1.131993226223113708e-40
7.360000000000001263e-02 1.148954501658991964e-40
7.370000000000000162e-02 1.166031230874039761e-40
7.380000000000000449e-02 1.183222670046477785e-40
7.390000000000000735e-02 1.200528054411455177e-40
7.400000000000001021e-02 1.217946598104477101e-40
7.410000000000001308e-02 1.235477494009307845e-40
7.420000000000000207e-02 1.253119913610419621e-40
7.430000000000000493e-02 1.270873006850078401e-40
7.440000000000000779e-02 1.288735901990109628e-40
7.450000000000001066e-02 1.306707705478441666e-40
7.459999999999999964e-02 1.324787501820480021e-40
7.470000000000000251e-02 1.342974353455398373e-40
7.480000000000000537e-02 1.361267300637379056e-40
7.490000000000000824e-02 1.379665361321909629e-40
7.500000000000001110e-02 1.398167531057186511e-40
7.510000000000000009e-02 1.416772782880664237e-40
7.520000000000000295e-02 1.435480067220874500e-40
7.530000000000000582e-02 1.454288311804488688e-40
7.540000000000000868e-02 1.473196421568777050e-40
7.550000000000001155e-02 1.492203278579453276e-40
7.560000000000000053e-02 1.511307741954005843e-40
7.570000000000000340e-02 1.530508647790548131e-40
7.580000000000000626e-02 1.549804809102254611e-40
7.590000000000000913e-02 1.569195015757427967e-40
7.600000000000001199e-02 1.588678034425272383e-40
7.610000000000000098e-02 1.608252608527389122e-40
7.620000000000000384e-02 1.627917458195085129e-40
7.630000000000000671e-02 1.647671280232497314e-40
7.640000000000000957e-02 1.667512748085620189e-40
7.650000000000001243e-02 1.687440511817284595e-40
7.660000000000000142e-02 1.707453198088069346e-40
7.670000000000000429e-02 1.727549410143287530e-40
7.680000000000000715e-02 1.747727727806004028e-40
7.690000000000001001e-02 1.767986707476154797e-40
7.700000000000001288e-02 1.788324882135845831e-40
7.710000000000000187e-02 1.808740761360774883e-40
7.720000000000000473e-02 1.829232831337945433e-40
7.730000000000000759e-02 1.849799554889536856e-40
7.740000000000001046e-02 1.870439371503158592e-40
7.750000000000001332e-02 1.891150697368332101e-40
7.760000000000000231e-02 1.911931925419371089e-40
7.770000000000000517e-02 1.932781425384639193e-40
7.780000000000000804e-02 1.953697543842139054e-40
7.790000000000001090e-02 1.974678604281618528e-40
7.799999999999999989e-02 1.995722907173044788e-40
7.810000000000000275e-02 2.016828730041604541e-40
7.820000000000000562e-02 2.037994327549161444e-40
7.830000000000000848e-02 2.059217931582217614e-40
7.840000000000001135e-02 2.080497751346437558e-40
7.850000000000000033e-02 2.101831973467649692e-40
7.860000000000000320e-02 2.123218762099490616e-40
7.870000000000000606e-02 2.144656259037497617e-40
7.880000000000000893e-02 2.166142583839878187e-40
7.890000000000001179e-02 2.187675833954826058e-40
7.900000000000000078e-02 2.209254084854395973e-40
7.910000000000000364e-02 2.230875390175046924e-40
7.920000000000000651e-02 2.252537781864690292e-40
7.930000000000000937e-02 2.274239270336432140e-40
7.940000000000001223e-02 2.295977844628837135e-40
7.950000000000000122e-02 2.317751472572852364e-40
7.960000000000000409e-02 2.339558100965287447e-40
7.970000000000000695e-02 2.361395655748884797e-40
7.980000000000000981e-02 2.383262042199006139e-40
7.990000000000001268e-02 2.405155145116845549e-40
8.000000000000000167e-02 2.427072829029249771e-40
8.010000000000000453e-02 2.449012938395063442e-40
8.020000000000000739e-02 2.470973297817998790e-40
8.030000000000001026e-02 2.492951712266082443e-40
8.040000000000001312e-02 2.514945967297523135e-40
8.050000000000000211e-02 2.536953829293148755e-40
8.060000000000000497e-02 2.558973045695243101e-40
8.070000000000000784e-02 2.581001345252856130e-40
8.080000000000001070e-02 2.603036438273509021e-40
8.090000000000001357e-02 2.625076016881320532e-40
8.100000000000000255e-02 2.647117755281451083e-40
8.110000000000000542e-02 2.669159310030924914e-40
8.120000000000000828e-02 2.691198320315718168e-40
8.130000000000001115e-02 2.713232408234117789e-40
8.140000000000000013e-02 2.735259179086342269e-40
8.150000000000000300e-02 2.757276221670320646e-40
8.160000000000000586e-02 2.779281108583635065e-40
8.170000000000000873e-02 2.801271396531613435e-40
8.180000000000001159e-02 2.823244626641437605e-40
8.190000000000000058e-02 2.845198324782347390e-40
8.200000000000000344e-02 2.867130001891775294e-40
8.210000000000000631e-02 2.889037154307453101e-40
8.220000000000000917e-02 2.910917264105385128e-40
8.230000000000001203e-02 2.932767799443677933e-40
8.240000000000000102e-02 2.954586214912155937e-40
8.250000000000000389e-02 2.976369951887693207e-40
8.260000000000000675e-02 2.998116438895241421e-40
8.270000000000000961e-02 3.019823091974449208e-40
8.280000000000001248e-02 3.041487315051893248e-40
8.290000000000000147e-02 3.063106500318743316e-40
8.300000000000000433e-02 3.084678028613931424e-40
8.310000000000000719e-02 3.106199269812645612e-40
8.320000000000001006e-02 3.127667583220145937e-40
8.330000000000001292e-02 3.149080317970850873e-40
8.340000000000000191e-02 3.170434813432540769e-40
8.350000000000000477e-02 3.191728399615738728e-40
8.360000000000000764e-02 3.212958397588032374e-40
8.370000000000001050e-02 3.234122119893432326e-40
8.380000000000001337e-02 3.255216870976583873e-40
8.390000000000000235e-02 3.276239947611761292e-40
8.400000000000000522e-02 3.297188639336651736e-40
8.410000000000000808e-02 3.318060228890701530e-40
8.420000000000001095e-02 3.338851992658129292e-40
8.430000000000001381e-02 3.359561201115328539e-40
8.440000000000000280e-02 3.380185119282765003e-40
8.450000000000000566e-02 3.400721007181112543e-40
8.460000000000000853e-02 3.421166120291658646e-40
8.470000000000001139e-02 3.441517710020862465e-40
8.480000000000000038e-02 3.461773024168918990e-40
8.490000000000000324e-02 3.481929307402346474e-40
8.500000000000000611e-02 3.501983801730391981e-40
8.510000000000000897e-02 3.521933746985233842e-40
8.520000000000001183e-02 3.541776381305877026e-40
8.530000000000000082e-02 3.561508941625600727e-40
8.540000000000000369e-02 3.581128664162949596e-40
8.550000000000000655e-02 3.600632784916036567e-40
8.560000000000000941e-02 3.620018540160215183e-40
8.570000000000001228e-02 3.639283166948876326e-40
8.580000000000000127e-02 3.658423903617370154e-40
8.590000000000000413e-02 3.677437990289917037e-40
8.600000000000000699e-02 3.696322669389336613e-40
8.610000000000000986e-02 3.715075186149631658e-40
8.620000000000001272e-02 3.733692789131173924e-40
8.630000000000000171e-02 3.752172730738482565e-40
8.640000000000000457e-02 3.770512267740441801e-40
8.650000000000000744e-02 3.788708661792837506e-40
8.660000000000001030e-02 3.806759179963176852e-40
8.670000000000001317e-02 3.824661095257551171e-40
8.680000000000000215e-02 3.842411687149564906e-40
8.690000000000000502e-02 3.860008242111121818e-40
8.700000000000000788e-02 3.877448054144989343e-40
8.710000000000001075e-02 3.894728425319032609e-40
8.720000000000001361e-02 3.911846666301970481e-40
8.730000000000000260e-02 3.928800096900598986e-40
8.740000000000000546e-02 3.945586046598271668e-40
8.750000000000000833e-02 3.962201855094605077e-40
8.760000000000001119e-02 3.978644872846225858e-40
8.770000000000000018e-02 3.994912461608501523e-40
8.780000000000000304e-02 4.011001994978066502e-40
8.790000000000000591e-02 4.026910858936061898e-40
8.800000000000000877e-02 4.042636452391988617e-40
8.810000000000001164e-02 4.058176187727958545e-40
8.820000000000000062e-02 4.073527491343363343e-40
8.830000000000000349e-02 4.088687804199683534e-40
8.840000000000000635e-02 4.103654582365436260e-40
8.850000000000000921e-02 4.118425297561058593e-40
8.860000000000001208e-02 4.132997437703644030e-40
8.870000000000000107e-02 4.147368507451388614e-40
8.880000000000000393e-02 4.161536028747616172e-40
8.890000000000000679e-02 4.175497541364274183e-40
8.900000000000000966e-02 4.189250603444742050e-40
8.910000000000001252e-02 4.202792792045880797e-40
8.920000000000000151e-02 4.216121703679108059e-40
8.930000000000000437e-02 4.229234954850475502e-40
8.940000000000000724e-02 4.242130182599531734e-40
8.950000000000001010e-02 4.254805045036882598e-40
8.960000000000001297e-02 4.267257221880336282e-40
8.970000000000000195e-02 4.279484414989456267e-40
8.980000000000000482e-02 4.291484348898440524e-40
8.990000000000000768e-02 4.303254771347175267e-40
9.000000000000001055e-02 4.314793453810320500e-40
9.010000000000001341e-02 4.326098192024352335e-40
9.020000000000000240e-02 4.337166806512346741e-40
9.030000000000000526e-02 4.347997143106481874e-40
9.040000000000000813e-02 4.358587073468022468e-40
9.050000000000001099e-02 4.368934495604748740e-40
9.060000000000001386e-02 4.379037334385636523e-40
9.070000000000000284e-02 4.388893542052695619e-40
9.080000000000000571e-02 4.398501098729849749e-40
9.090000000000000857e-02 4.407858012928651725e-40
9.100000000000001144e-02 4.416962322050834672e-40
9.110000000000000042e-02 4.425812092887454582e-40
9.120000000000000329e-02 4.434405422114554899e-40
9.130000000000000615e-02 4.442740436785227483e-40
9.140000000000000902e-02 4.450815294817913386e-40
9.150000000000001188e-02 4.458628185480863475e-40
9.160000000000000087e-02 4.466177329872572948e-40
9.170000000000000373e-02 4.473460981398139161e-40
9.180000000000000659e-02 4.480477426241333966e-40
9.190000000000000946e-02 4.487224983832353849e-40
9.200000000000001232e-02 4.493702007311065159e-40
9.210000000000000131e-02 4.499906883985631055e-40
9.220000000000000417e-02 4.505838035786420656e-40
9.230000000000000704e-02 4.511493919715066629e-40
9.240000000000000990e-02 4.516873028288546419e-40
9.250000000000001277e-02 4.521973889978167206e-40
9.260000000000000175e-02 4.526795069643353471e-40
9.270000000000000462e-02 4.531335168960092774e-40
9.280000000000000748e-02 4.535592826843955745e-40
9.290000000000001035e-02 4.539566719867530417e-40
9.300000000000001321e-02 4.543255562672192591e-40
9.310000000000000220e-02 4.546658108374103752e-40
9.320000000000000506e-02 4.549773148964266070e-40
9.330000000000000793e-02 4.552599515702598588e-40
9.340000000000001079e-02 4.555136079505870647e-40
9.350000000000001366e-02 4.557381751329384892e-40
9.360000000000000264e-02 4.559335482542341333e-40
9.370000000000000551e-02 4.560996265296735644e-40
9.380000000000000837e-02 4.562363132889679141e-40
9.390000000000001124e-02 4.563435160119079263e-40
9.400000000000001410e-02 4.564211463632536181e-40
9.410000000000000309e-02 4.564691202269358478e-40
9.420000000000000595e-02 4.564873577395618769e-40
9.430000000000000882e-02 4.564757833232114693e-40
9.440000000000001168e-02 4.564343257175172450e-40
9.450000000000000067e-02 4.563629180110160770e-40
9.460000000000000353e-02 4.562614976717636990e-40
9.470000000000000639e-02 4.561300065772042047e-40
9.480000000000000926e-02 4.559683910432812258e-40
9.490000000000001212e-02 4.557766018527863015e-40
9.500000000000000111e-02 4.555545942829313079e-40
9.510000000000000397e-02 4.553023281321383401e-40
9.520000000000000684e-02 4.550197677460378304e-40
9.530000000000000970e-02 4.547068820426660929e-40
9.540000000000001257e-02 4.543636445368535673e-40
9.550000000000000155e-02 4.539900333637960136e-40
9.560000000000000442e-02 4.535860313017993574e-40
9.570000000000000728e-02 4.531516257941938650e-40
9.580000000000001015e-02 4.526868089704036175e-40
9.590000000000001301e-02 4.521915776661689182e-40
9.600000000000000200e-02 4.516659334429138864e-40
9.610000000000000486e-02 4.511098826062460213e-40
9.620000000000000773e-02 4.505234362235913268e-40
9.630000000000001059e-02 4.499066101409463997e-40
9.640000000000001346e-02 4.492594249987489486e-40
9.650000000000000244e-02 4.485819062468569568e-40
9.660000000000000531e-02 4.478740841586311048e-40
9.670000000000000817e-02 4.471359938441123781e-40
9.680000000000001104e-02 4.463676752622917606e-40
9.690000000000001390e-02 4.455691732324641005e-40
9.700000000000000289e-02 4.447405374446613390e-40
9.710000000000000575e-02 4.438818224691582466e-40
9.720000000000000862e-02 4.429930877650504262e-40
9.730000000000001148e-02 4.420743976878907129e-40
9.740000000000001434e-02 4.411258214963891941e-40
9.750000000000000333e-02 4.401474333581636338e-40
9.760000000000000620e-02 4.391393123545423415e-40
9.770000000000000906e-02 4.381015424844110839e-40
9.780000000000001192e-02 4.370342126671020814e-40
9.790000000000000091e-02 4.359374167443206053e-40
9.800000000000000377e-02 4.348112534811063170e-40
9.810000000000000664e-02 4.336558265658238075e-40
9.820000000000000950e-02 4.324712446091842902e-40
9.830000000000001237e-02 4.312576211422874391e-40
9.840000000000000135e-02 4.300150746136898956e-40
9.850000000000000422e-02 4.287437283854887809e-40
9.860000000000000708e-02 4.274437107284278806e-40
9.870000000000000995e-02 4.261151548160126359e-40
9.880000000000001281e-02 4.247581987176448704e-40
9.890000000000000180e-02 4.233729853907650191e-40
9.900000000000000466e-02 4.219596626720044676e-40
9.910000000000000753e-02 4.205183832673516735e-40
9.920000000000001039e-02 4.190493047413209770e-40
9.930000000000001326e-02 4.175525895051326642e-40
9.940000000000000224e-02 4.160284048038972691e-40
9.950000000000000511e-02 4.144769227028090082e-40
9.960000000000000797e-02 4.128983200723449218e-40
9.970000000000001084e-02 4.112927785724693956e-40
9.980000000000001370e-02 4.096604846358490385e-40
9.990000000000000269e-02 4.080016294500717176e-40
1.000000000000000056e-01 4.063164089388768456e-40
